200,12.30000,0.10160,39.60000,0.04083,128.54500
12500,1.50000,0.30480,71.30000,0.00337,109.22200
4000,0.00000,0.05080,31.70000,0.00081,134.11000
2000,15.60000,0.10160,71.30000,0.04373,119.88800
5000,0.00000,0.10160,39.60000,0.00146,126.02100
4000,15.40000,0.05080,31.70000,0.02899,115.63500
400,9.90000,0.15240,71.30000,0.01930,135.07900
16000,0.00000,0.30480,71.30000,0.00266,108.72100
315,22.20000,0.02540,39.60000,0.02290,120.71600
1250,7.30000,0.22860,71.30000,0.01044,127.35800
315,9.90000,0.15240,71.30000,0.01930,135.45900
800,9.50000,0.02540,71.30000,0.00421,127.20600
2000,0.00000,0.15240,71.30000,0.00160,128.64700
4000,15.60000,0.10160,39.60000,0.05285,106.60400
400,9.90000,0.15240,39.60000,0.02333,128.34500
1000,0.00000,0.22860,39.60000,0.00254,130.43500
10000,2.70000,0.15240,71.30000,0.00244,116.72400
400,15.40000,0.05080,55.50000,0.02719,126.50000
5000,4.00000,0.30480,71.30000,0.00498,117.78500
2000,7.30000,0.22860,71.30000,0.01044,122.70800
2000,17.40000,0.02540,71.30000,0.01610,126.82600
630,17.40000,0.02540,39.60000,0.01722,124.51400
500,11.20000,0.05080,71.30000,0.01407,130.31100
1000,12.30000,0.10160,39.60000,0.04083,122.43500
200,12.60000,0.15240,39.60000,0.05841,114.75000
5000,9.90000,0.15240,31.70000,0.02528,109.94900
400,12.70000,0.02540,39.60000,0.01303,125.52700
2000,0.00000,0.30480,31.70000,0.00331,122.37500
2500,0.00000,0.22860,31.70000,0.00272,123.44500
1000,12.70000,0.02540,71.30000,0.01218,131.69800
1600,12.30000,0.10160,71.30000,0.03378,124.74800
10000,0.00000,0.02540,55.50000,0.00041,134.56300
630,15.40000,0.05080,55.50000,0.02719,129.33000
1250,5.30000,0.22860,39.60000,0.00614,125.72100
1600,4.20000,0.05080,39.60000,0.00153,130.19700
800,7.30000,0.22860,39.60000,0.01235,126.29900
630,0.00000,0.22860,39.60000,0.00254,128.70500
1000,15.60000,0.10160,71.30000,0.04373,124.43800
250,12.70000,0.02540,39.60000,0.01303,121.54700
1600,8.40000,0.05080,31.70000,0.00581,129.29600
2000,3.00000,0.30480,71.30000,0.00426,125.52400
1000,7.30000,0.22860,55.50000,0.01117,125.19400
800,6.70000,0.10160,39.60000,0.00578,134.62500
6300,4.80000,0.02540,71.30000,0.00085,134.49800
630,0.00000,0.10160,71.30000,0.00121,124.15500
1000,0.00000,0.15240,31.70000,0.00209,130.98700
1000,2.00000,0.22860,31.70000,0.00372,130.30700
5000,2.70000,0.15240,71.30000,0.00244,124.36400
2500,9.50000,0.02540,31.70000,0.00461,130.08600
1000,12.30000,0.10160,71.30000,0.03378,127.92800
500,0.00000,0.30480,31.70000,0.00331,127.31500
3150,1.50000,0.30480,71.30000,0.00337,123.39200
8000,0.00000,0.02540,55.50000,0.00041,136.16300
1000,3.30000,0.10160,39.60000,0.00245,131.97100
6300,4.80000,0.02540,55.50000,0.00087,135.16400
2000,2.00000,0.22860,55.50000,0.00314,124.61200
1600,0.00000,0.05080,31.70000,0.00081,131.01000
1250,7.30000,0.22860,55.50000,0.01117,125.72400
630,0.00000,0.30480,55.50000,0.00283,127.69600
2500,0.00000,0.10160,31.70000,0.00150,132.00300
2000,3.30000,0.10160,55.50000,0.00221,133.64900
1600,17.40000,0.02540,31.70000,0.01766,126.84600
4000,4.00000,0.22860,39.60000,0.00474,119.15900
5000,2.00000,0.22860,31.70000,0.00372,118.26700
2500,0.00000,0.10160,71.30000,0.00121,132.59500
4000,8.90000,0.10160,39.60000,0.01246,116.22000
2000,22.20000,0.02540,39.60000,0.02290,121.25600
5000,4.00000,0.22860,39.60000,0.00474,117.64900
4000,15.40000,0.05080,71.30000,0.02643,122.67500
3150,5.30000,0.22860,39.60000,0.00614,118.44100
1000,0.00000,0.05080,71.30000,0.00074,129.45000
3150,4.00000,0.22860,71.30000,0.00401,124.10800
8000,0.00000,0.10160,55.50000,0.00132,124.45000
12500,4.00000,0.22860,71.30000,0.00401,114.25800
1000,2.00000,0.22860,55.50000,0.00314,129.00200
2500,8.90000,0.10160,39.60000,0.01246,119.19000
400,3.00000,0.30480,55.50000,0.00452,126.15900
4000,0.00000,0.02540,31.70000,0.00044,137.04700
400,15.40000,0.05080,71.30000,0.02643,126.80500
4000,4.00000,0.30480,39.60000,0.00580,115.86300
6300,3.30000,0.10160,31.70000,0.00251,120.70200
2500,4.20000,0.05080,39.60000,0.00153,133.84700
3150,12.30000,0.10160,39.60000,0.04083,113.05500
1250,5.40000,0.15240,71.30000,0.00401,134.11100
500,7.30000,0.22860,39.60000,0.01235,130.29900
315,3.00000,0.30480,31.70000,0.00530,123.11800
500,7.20000,0.15240,39.60000,0.00909,132.65800
2500,0.00000,0.02540,39.60000,0.00043,131.83600
2500,8.40000,0.05080,55.50000,0.00545,131.54200
3150,15.40000,0.05080,31.70000,0.02899,118.04500
800,7.20000,0.15240,71.30000,0.00752,136.02300
500,12.30000,0.10160,55.50000,0.03682,133.77400
3150,15.60000,0.10160,39.60000,0.05285,109.25400
6300,3.00000,0.30480,71.30000,0.00426,116.13400
3150,8.40000,0.05080,55.50000,0.00545,128.40200
1250,17.40000,0.02540,31.70000,0.01766,128.30600
4000,3.00000,0.30480,55.50000,0.00452,118.68900
2500,0.00000,0.10160,39.60000,0.00146,132.61100
315,15.40000,0.05080,55.50000,0.02719,125.39000
2000,3.00000,0.30480,31.70000,0.00530,120.08800
1250,17.40000,0.02540,71.30000,0.01610,126.35600
1600,15.40000,0.05080,55.50000,0.02719,128.20000
3150,3.30000,0.10160,31.70000,0.00251,128.25200
500,3.00000,0.30480,31.70000,0.00530,127.54800
2500,0.00000,0.22860,55.50000,0.00229,126.54000
400,0.00000,0.30480,39.60000,0.00310,124.80900
1000,0.00000,0.10160,71.30000,0.00121,128.82500
5000,0.00000,0.10160,55.50000,0.00132,128.36000
2000,9.90000,0.15240,55.50000,0.02084,119.50500
4000,3.30000,0.10160,31.70000,0.00251,124.85200
4000,19.70000,0.05080,39.60000,0.03648,108.68400
2500,4.00000,0.22860,71.30000,0.00401,124.33800
2000,0.00000,0.10160,31.70000,0.00150,133.15300
800,0.00000,0.10160,39.60000,0.00146,128.40100
4000,12.30000,0.10160,55.50000,0.03682,114.40400
1250,8.40000,0.05080,39.60000,0.00566,131.20500
6300,0.00000,0.15240,31.70000,0.00209,119.73700
2000,7.30000,0.22860,31.70000,0.01327,115.30900
400,3.00000,0.30480,31.70000,0.00530,125.39800
10000,7.20000,0.15240,39.60000,0.00909,110.86800
630,9.90000,0.15240,71.30000,0.01930,129.88900
1250,9.50000,0.02540,71.30000,0.00421,131.65600
4000,5.40000,0.15240,55.50000,0.00433,119.73700
2500,2.00000,0.22860,31.70000,0.00372,121.40700
6300,0.00000,0.02540,39.60000,0.00043,136.82600
5000,4.20000,0.05080,39.60000,0.00153,129.77700
250,9.90000,0.15240,71.30000,0.01930,135.32900
400,7.20000,0.15240,39.60000,0.00909,132.11800
800,9.90000,0.15240,39.60000,0.02333,126.34500
400,15.40000,0.05080,31.70000,0.02899,123.70500
5000,17.40000,0.02540,39.60000,0.01722,119.85400
500,2.00000,0.22860,71.30000,0.00293,126.48600
3150,3.30000,0.10160,55.50000,0.00221,130.62900
5000,8.90000,0.10160,71.30000,0.01031,116.72300
630,2.00000,0.22860,31.70000,0.00372,129.05700
4000,0.00000,0.22860,71.30000,0.00214,125.82400
500,5.40000,0.15240,71.30000,0.00401,126.29100
4000,8.40000,0.05080,71.30000,0.00530,126.92600
5000,9.50000,0.02540,39.60000,0.00450,125.04400
630,4.00000,0.22860,71.30000,0.00401,129.03800
6300,9.50000,0.02540,71.30000,0.00421,127.24600
2000,8.40000,0.05080,31.70000,0.00581,127.68600
1600,0.00000,0.10160,39.60000,0.00146,133.26100
1000,17.40000,0.02540,39.60000,0.01722,138.27400
8000,0.00000,0.10160,31.70000,0.00150,120.19300
630,3.30000,0.10160,31.70000,0.00251,128.95200
1250,7.20000,0.15240,71.30000,0.00752,132.51300
8000,2.00000,0.22860,71.30000,0.00293,115.99600
630,0.00000,0.15240,39.60000,0.00193,124.40300
3150,7.20000,0.15240,39.60000,0.00909,111.81800
1250,9.90000,0.15240,71.30000,0.01930,122.67900
400,22.20000,0.02540,71.30000,0.02142,117.92700
10000,4.00000,0.30480,71.30000,0.00498,110.90500
6300,5.30000,0.22860,71.30000,0.00519,116.92000
5000,8.40000,0.05080,71.30000,0.00530,121.14600
630,1.50000,0.30480,39.60000,0.00392,128.31100
2500,4.80000,0.02540,71.30000,0.00085,130.82800
4000,12.30000,0.10160,31.70000,0.04188,108.40700
3150,9.50000,0.02540,31.70000,0.00461,128.53600
6300,9.50000,0.02540,39.60000,0.00450,120.32400
4000,0.00000,0.05080,39.60000,0.00079,135.30800
4000,5.40000,0.15240,71.30000,0.00401,121.43100
1600,9.50000,0.02540,55.50000,0.00433,133.06200
3150,4.80000,0.02540,55.50000,0.00087,132.35400
800,0.00000,0.05080,71.30000,0.00074,130.96000
4000,4.00000,0.22860,55.50000,0.00429,120.65400
2000,6.70000,0.10160,55.50000,0.00521,129.65300
1600,17.40000,0.02540,39.60000,0.01722,127.61400
8000,0.00000,0.02540,39.60000,0.00043,135.86600
1250,9.50000,0.02540,39.60000,0.00450,130.96400
1600,19.70000,0.05080,39.60000,0.03648,117.60400
1600,7.20000,0.15240,39.60000,0.00909,120.05800
1250,22.20000,0.02540,71.30000,0.02142,140.98700
1000,0.00000,0.10160,39.60000,0.00146,130.78100
250,5.30000,0.22860,39.60000,0.00614,127.01100
400,12.30000,0.10160,71.30000,0.03378,139.42800
3150,0.00000,0.10160,31.70000,0.00150,129.97300
1600,4.00000,0.30480,71.30000,0.00498,126.64500
500,9.90000,0.15240,55.50000,0.02084,127.81500
1250,0.00000,0.10160,71.30000,0.00121,130.33500
1250,0.00000,0.02540,31.70000,0.00044,127.94700
10000,0.00000,0.02540,71.30000,0.00040,130.78700
1250,12.30000,0.10160,55.50000,0.03682,124.21400
630,12.70000,0.02540,71.30000,0.01218,128.87800
800,5.40000,0.15240,71.30000,0.00401,131.28100
1600,11.20000,0.05080,39.60000,0.01505,126.54000
3150,3.00000,0.30480,39.60000,0.00496,118.92200
1000,0.00000,0.15240,39.60000,0.00193,130.03300
2000,4.00000,0.30480,71.30000,0.00498,124.39500
6300,0.00000,0.30480,55.50000,0.00283,117.97600
630,7.30000,0.22860,31.70000,0.01327,126.18900
1250,19.70000,0.05080,71.30000,0.03412,121.48500
8000,0.00000,0.05080,55.50000,0.00076,130.15600
3150,15.40000,0.05080,39.60000,0.02826,120.51300
800,12.60000,0.15240,71.30000,0.04832,123.05400
2000,12.70000,0.02540,39.60000,0.01303,129.56700
2500,9.50000,0.02540,55.50000,0.00433,134.15200
2000,7.30000,0.22860,55.50000,0.01117,120.35400
630,2.70000,0.15240,71.30000,0.00244,127.40400
1600,8.40000,0.05080,55.50000,0.00545,133.03200
12500,4.80000,0.02540,71.30000,0.00085,127.68800
5000,3.30000,0.10160,31.70000,0.00251,122.08200
2500,0.00000,0.02540,31.70000,0.00044,132.89700
8000,0.00000,0.30480,31.70000,0.00331,110.51500
500,7.30000,0.22860,31.70000,0.01327,128.16900
3150,2.00000,0.22860,55.50000,0.00314,123.74200
630,0.00000,0.10160,55.50000,0.00132,126.17000
1000,4.80000,0.02540,39.60000,0.00091,122.95600
3150,4.00000,0.30480,39.60000,0.00580,118.74300
1000,22.20000,0.02540,39.60000,0.02290,128.41600
3150,0.00000,0.05080,31.70000,0.00081,135.49000
1250,3.00000,0.30480,55.50000,0.00452,127.32900
1600,4.00000,0.22860,39.60000,0.00474,125.31900
1000,3.30000,0.10160,31.70000,0.00251,133.01200
2000,4.00000,0.22860,39.60000,0.00474,121.65900
4000,5.30000,0.22860,39.60000,0.00614,115.80100
1600,4.00000,0.30480,39.60000,0.00580,123.21300
1250,15.40000,0.05080,71.30000,0.02643,130.84500
5000,7.20000,0.15240,39.60000,0.00909,113.28800
1250,4.00000,0.30480,39.60000,0.00580,126.34300
1000,4.00000,0.30480,39.60000,0.00580,128.72300
8000,0.00000,0.05080,71.30000,0.00074,130.89000
16000,0.00000,0.15240,55.50000,0.00173,112.80300
1600,6.70000,0.10160,71.30000,0.00478,136.67800
315,15.60000,0.10160,71.30000,0.04373,133.80800
8000,3.30000,0.10160,39.60000,0.00245,118.09100
630,11.20000,0.05080,39.60000,0.01505,133.13000
630,5.30000,0.22860,39.60000,0.00614,132.01100
500,15.60000,0.10160,39.60000,0.05285,115.30400
6300,2.70000,0.15240,39.60000,0.00295,119.20900
400,17.40000,0.02540,71.30000,0.01610,117.39600
2000,4.80000,0.02540,31.70000,0.00093,130.14800
630,22.20000,0.02540,39.60000,0.02290,137.02600
5000,4.00000,0.22860,55.50000,0.00429,120.03400
500,0.00000,0.30480,39.60000,0.00310,126.95900
6300,17.40000,0.02540,71.30000,0.01610,119.91600
500,17.40000,0.02540,39.60000,0.01722,117.51400
12500,4.20000,0.05080,71.30000,0.00143,117.32800
4000,12.30000,0.10160,39.60000,0.04083,110.90500
800,15.60000,0.10160,39.60000,0.05285,118.96400
315,17.40000,0.02540,55.50000,0.01657,111.91100
1000,12.70000,0.02540,39.60000,0.01303,130.94700
630,7.30000,0.22860,71.30000,0.01044,133.76800
1600,15.40000,0.05080,31.70000,0.02899,121.48500
800,12.30000,0.10160,71.30000,0.03378,127.31800
2000,5.40000,0.15240,71.30000,0.00401,131.11100
2500,19.70000,0.05080,39.60000,0.03648,116.18400
1000,15.40000,0.05080,31.70000,0.02899,124.52500
8000,4.80000,0.02540,39.60000,0.00091,131.34600
1000,6.70000,0.10160,71.30000,0.00478,136.75800
500,4.00000,0.22860,55.50000,0.00429,127.31400
2000,4.00000,0.30480,39.60000,0.00580,120.96300
1600,0.00000,0.05080,39.60000,0.00079,130.90800
250,17.40000,0.02540,71.30000,0.01610,113.79600
2500,7.30000,0.22860,31.70000,0.01327,114.70900
500,12.30000,0.10160,71.30000,0.03378,140.15800
2500,4.80000,0.02540,39.60000,0.00091,131.23600
315,9.90000,0.15240,39.60000,0.02333,128.59500
8000,2.70000,0.15240,39.60000,0.00295,116.65900
16000,0.00000,0.22860,71.30000,0.00214,114.98400
800,0.00000,0.30480,55.50000,0.00283,128.08600
4000,8.40000,0.05080,39.60000,0.00566,118.95500
4000,9.50000,0.02540,31.70000,0.00461,126.73600
1000,9.50000,0.02540,39.60000,0.00450,130.37400
630,8.90000,0.10160,39.60000,0.01246,131.92000
1000,12.30000,0.10160,31.70000,0.04188,119.77700
10000,0.00000,0.10160,39.60000,0.00146,119.56100
12500,0.00000,0.02540,71.30000,0.00040,133.20700
2000,8.90000,0.10160,71.30000,0.01031,124.23300
630,4.00000,0.30480,39.60000,0.00580,131.07300
1000,5.30000,0.22860,39.60000,0.00614,125.58100
1000,9.50000,0.02540,71.30000,0.00421,129.55600
6300,1.50000,0.30480,39.60000,0.00392,114.75100
630,0.00000,0.10160,31.70000,0.00150,126.41300
3150,0.00000,0.22860,31.70000,0.00272,123.44500
315,1.50000,0.30480,39.60000,0.00392,121.85100
6300,3.00000,0.30480,55.50000,0.00452,115.67900
800,5.40000,0.15240,31.70000,0.00525,131.49100
20000,4.80000,0.02540,71.30000,0.00085,119.70800
2000,4.80000,0.02540,71.30000,0.00085,128.39800
3150,4.00000,0.22860,39.60000,0.00474,120.41900
3150,9.50000,0.02540,71.30000,0.00421,136.16600
2000,2.70000,0.15240,71.30000,0.00244,130.11400
8000,3.00000,0.30480,71.30000,0.00426,114.63400
315,12.60000,0.15240,71.30000,0.04832,128.48400
800,3.00000,0.30480,71.30000,0.00426,129.49400
4000,9.90000,0.15240,39.60000,0.02333,112.26500
4000,12.30000,0.10160,71.30000,0.03378,118.01800
1250,12.30000,0.10160,31.70000,0.04188,118.76700
6300,3.30000,0.10160,55.50000,0.00221,123.83900
250,8.90000,0.10160,39.60000,0.01246,134.34000
500,0.00000,0.22860,31.70000,0.00272,126.67500
315,19.70000,0.05080,71.30000,0.03412,121.23500
1250,0.00000,0.22860,55.50000,0.00229,127.91000
4000,7.30000,0.22860,71.30000,0.01044,119.20800
2500,0.00000,0.30480,71.30000,0.00266,125.57100
8000,4.00000,0.30480,71.30000,0.00498,113.66500
2500,1.50000,0.30480,71.30000,0.00337,124.51200
1600,5.40000,0.15240,55.50000,0.00433,130.56700
1250,3.30000,0.10160,55.50000,0.00221,132.76900
2000,0.00000,0.10160,55.50000,0.00132,132.54000
400,15.40000,0.05080,39.60000,0.02826,125.35300
3150,22.20000,0.02540,39.60000,0.02290,120.85600
200,15.40000,0.05080,31.70000,0.02899,119.97500
800,3.30000,0.10160,31.70000,0.00251,131.36200
4000,2.70000,0.15240,39.60000,0.00295,121.88900
400,4.00000,0.22860,55.50000,0.00429,123.27400
400,5.40000,0.15240,39.60000,0.00485,127.63700
3150,11.20000,0.05080,39.60000,0.01505,119.67000
6300,0.00000,0.05080,55.50000,0.00076,132.79600
8000,15.40000,0.05080,71.30000,0.02643,112.67500
2000,0.00000,0.02540,31.70000,0.00044,130.69700
2500,6.70000,0.10160,55.50000,0.00521,124.27300
800,0.00000,0.30480,71.30000,0.00266,126.20100
16000,0.00000,0.02540,71.30000,0.00040,130.47700
2500,2.00000,0.22860,55.50000,0.00314,123.86200
2500,12.30000,0.10160,39.60000,0.04083,113.31500
630,0.00000,0.30480,39.60000,0.00310,128.62900
4000,2.00000,0.22860,71.30000,0.00293,124.08600
630,4.80000,0.02540,31.70000,0.00093,120.07800
6300,0.00000,0.02540,31.70000,0.00044,138.53700
315,15.60000,0.10160,39.60000,0.05285,122.75400
6300,5.40000,0.15240,39.60000,0.00485,116.67700
20000,0.00000,0.02540,55.50000,0.00041,121.93300
2000,1.50000,0.30480,39.60000,0.00392,122.10100
6300,0.00000,0.05080,71.30000,0.00074,133.04000
1600,9.90000,0.15240,55.50000,0.02084,119.87500
1000,11.20000,0.05080,39.60000,0.01505,132.43000
5000,7.30000,0.22860,39.60000,0.01235,111.95900
800,0.00000,0.22860,39.60000,0.00254,130.20500
500,9.90000,0.15240,71.30000,0.01930,131.27900
800,0.00000,0.30480,39.60000,0.00310,129.09900
3150,19.70000,0.05080,71.30000,0.03412,116.22500
2500,0.00000,0.10160,55.50000,0.00132,133.04000
1000,5.40000,0.15240,55.50000,0.00433,132.12700
400,0.00000,0.22860,31.70000,0.00272,123.63500
5000,15.40000,0.05080,55.50000,0.02719,117.11000
315,17.40000,0.02540,31.70000,0.01766,118.41600
1000,5.40000,0.15240,71.30000,0.00401,133.20100
2500,1.50000,0.30480,39.60000,0.00392,120.98100
2500,8.40000,0.05080,31.70000,0.00581,125.57600
4000,9.50000,0.02540,55.50000,0.00433,131.58200
1250,4.00000,0.22860,31.70000,0.00509,128.11900
2500,8.40000,0.05080,39.60000,0.00566,127.46500
1250,15.60000,0.10160,71.30000,0.04373,123.17800
2000,3.30000,0.10160,39.60000,0.00245,132.30100
1000,0.00000,0.15240,71.30000,0.00160,127.30700
4000,0.00000,0.22860,31.70000,0.00272,122.03500
2500,12.70000,0.02540,39.60000,0.01303,129.02700
2500,15.60000,0.10160,39.60000,0.05285,110.26400
2500,0.00000,0.05080,55.50000,0.00076,133.95600
2000,9.50000,0.02540,55.50000,0.00433,134.05200
315,0.00000,0.30480,31.70000,0.00331,122.76500
4000,9.50000,0.02540,71.30000,0.00421,134.23600
800,6.70000,0.10160,31.70000,0.00593,132.88600
10000,0.00000,0.22860,71.30000,0.00214,118.13400
10000,3.30000,0.10160,39.60000,0.00245,115.32100
1250,0.00000,0.10160,31.70000,0.00150,133.06300
5000,0.00000,0.15240,31.70000,0.00209,122.39700
4000,9.90000,0.15240,55.50000,0.02084,112.94500
1000,11.20000,0.05080,71.30000,0.01407,136.94100
4000,0.00000,0.22860,39.60000,0.00254,123.46500
1000,0.00000,0.10160,31.70000,0.00150,131.31300
4000,12.60000,0.15240,71.30000,0.04832,108.03400
10000,4.00000,0.22860,71.30000,0.00401,113.10800
6300,22.20000,0.02540,71.30000,0.02142,123.12700
8000,7.20000,0.15240,71.30000,0.00752,113.33300
1600,3.00000,0.30480,31.70000,0.00530,122.08800
1000,7.20000,0.15240,39.60000,0.00909,128.33800
315,4.00000,0.22860,39.60000,0.00474,122.22900
1000,5.30000,0.22860,71.30000,0.00519,134.00000
630,3.00000,0.30480,31.70000,0.00530,128.69800
1600,0.00000,0.22860,39.60000,0.00254,127.09500
1600,3.30000,0.10160,71.30000,0.00203,133.66400
3150,2.70000,0.15240,39.60000,0.00295,122.91900
2000,0.00000,0.10160,39.60000,0.00146,133.25100
5000,0.00000,0.15240,71.30000,0.00160,126.45700
5000,0.00000,0.05080,55.50000,0.00076,134.55600
8000,4.20000,0.05080,71.30000,0.00143,125.26800
12500,0.00000,0.02540,39.60000,0.00043,129.11600
1250,11.20000,0.05080,39.60000,0.01505,130.05000
200,22.20000,0.02540,39.60000,0.02290,116.06600
3150,22.20000,0.02540,71.30000,0.02142,124.12700
500,4.00000,0.22860,31.70000,0.00509,128.93900
4000,3.30000,0.10160,39.60000,0.00245,124.88100
800,17.40000,0.02540,39.60000,0.01722,135.32400
1250,8.90000,0.10160,39.60000,0.01246,127.71000
1600,8.90000,0.10160,71.30000,0.01031,128.76300
2000,15.40000,0.05080,55.50000,0.02719,127.04000
630,0.00000,0.22860,55.50000,0.00229,126.16000
630,2.00000,0.22860,71.30000,0.00293,127.35600
2500,12.70000,0.02540,71.30000,0.01218,134.05800
4000,0.00000,0.30480,31.70000,0.00331,118.14500
400,12.30000,0.10160,31.70000,0.04188,123.20700
400,15.60000,0.10160,39.60000,0.05285,120.48400
2000,12.60000,0.15240,39.60000,0.05841,109.52000
630,12.30000,0.10160,39.60000,0.04083,121.31500
2000,0.00000,0.15240,39.60000,0.00193,129.63300
6300,0.00000,0.15240,71.30000,0.00160,125.42700
1250,15.40000,0.05080,39.60000,0.02826,126.74300
8000,4.00000,0.22860,71.30000,0.00401,112.84800
2000,6.70000,0.10160,39.60000,0.00578,122.23500
10000,0.00000,0.05080,55.50000,0.00076,127.63600
1000,0.00000,0.22860,55.50000,0.00229,128.29000
4000,15.60000,0.10160,71.30000,0.04373,113.29800
800,22.20000,0.02540,39.60000,0.02290,137.07600
315,12.70000,0.02540,39.60000,0.01303,123.53700
1000,0.00000,0.22860,31.70000,0.00272,130.59500
3150,0.00000,0.15240,71.30000,0.00160,129.37700
315,7.30000,0.22860,31.70000,0.01327,130.23900
1600,6.70000,0.10160,31.70000,0.00593,124.34600
1000,7.30000,0.22860,71.30000,0.01044,126.83800
800,0.00000,0.15240,55.50000,0.00173,126.71300
20000,0.00000,0.22860,71.30000,0.00214,114.47400
500,3.00000,0.30480,39.60000,0.00496,127.63200
2500,3.00000,0.30480,71.30000,0.00426,124.02400
2000,8.40000,0.05080,71.30000,0.00530,134.47600
500,7.20000,0.15240,71.30000,0.00752,132.04300
400,19.70000,0.05080,71.30000,0.03412,123.86500
2500,6.70000,0.10160,71.30000,0.00478,131.45800
2000,12.30000,0.10160,39.60000,0.04083,114.08500
800,3.00000,0.30480,39.60000,0.00496,129.55200
500,9.50000,0.02540,31.70000,0.00461,126.88600
3150,5.30000,0.22860,71.30000,0.00519,123.12000
2000,19.70000,0.05080,71.30000,0.03412,120.05500
315,2.00000,0.22860,31.70000,0.00372,120.14700
400,12.60000,0.15240,71.30000,0.04832,127.09400
500,4.80000,0.02540,39.60000,0.00091,116.36600
1600,3.00000,0.30480,39.60000,0.00496,122.78200
10000,2.00000,0.22860,71.30000,0.00293,113.08600
1000,1.50000,0.30480,71.30000,0.00337,125.99200
3150,0.00000,0.05080,71.30000,0.00074,135.07000
6300,2.00000,0.22860,31.70000,0.00372,115.13700
1000,3.30000,0.10160,71.30000,0.00203,131.43400
10000,3.30000,0.10160,55.50000,0.00221,115.65900
630,15.60000,0.10160,39.60000,0.05285,118.08400
2000,0.00000,0.30480,55.50000,0.00283,126.61600
630,4.00000,0.22860,39.60000,0.00474,129.57900
800,15.40000,0.05080,31.70000,0.02899,125.55500
2500,12.60000,0.15240,71.30000,0.04832,115.23400
2000,2.00000,0.22860,39.60000,0.00347,122.79700
800,8.40000,0.05080,39.60000,0.00566,128.43500
4000,0.00000,0.10160,31.70000,0.00150,126.93300
630,19.70000,0.05080,71.30000,0.03412,128.36500
800,0.00000,0.10160,71.30000,0.00121,126.80500
1000,19.70000,0.05080,39.60000,0.03648,118.90400
4000,5.40000,0.15240,39.60000,0.00485,117.13700
4000,15.40000,0.05080,39.60000,0.02826,118.11300
315,9.50000,0.02540,39.60000,0.00450,119.29400
12500,1.50000,0.30480,39.60000,0.00392,106.11100
5000,3.30000,0.10160,39.60000,0.00245,122.37100
200,9.90000,0.15240,71.30000,0.01930,134.31900
2500,15.40000,0.05080,31.70000,0.02899,119.94500
1000,0.00000,0.30480,71.30000,0.00266,125.20100
5000,0.00000,0.22860,39.60000,0.00254,122.17500
1600,5.40000,0.15240,31.70000,0.00525,123.76100
500,12.70000,0.02540,39.60000,0.01303,127.12700
1600,9.50000,0.02540,71.30000,0.00421,133.75600
630,12.30000,0.10160,31.70000,0.04188,119.28700
3150,8.90000,0.10160,39.60000,0.01246,119.35000
12500,0.00000,0.15240,55.50000,0.00173,117.09300
500,5.30000,0.22860,71.30000,0.00519,129.88000
4000,0.00000,0.22860,55.50000,0.00229,123.41000
1000,6.70000,0.10160,31.70000,0.00593,131.63600
1000,8.40000,0.05080,39.60000,0.00566,130.19500
2500,12.30000,0.10160,55.50000,0.03682,117.05400
630,6.70000,0.10160,71.30000,0.00478,131.44800
250,12.30000,0.10160,39.60000,0.04083,129.67500
2000,19.70000,0.05080,39.60000,0.03648,117.72400
2500,4.00000,0.22860,39.60000,0.00474,119.64900
1000,3.30000,0.10160,55.50000,0.00221,131.12900
5000,4.80000,0.02540,39.60000,0.00091,135.42600
6300,7.20000,0.15240,39.60000,0.00909,112.68800
2500,12.60000,0.15240,39.60000,0.05841,106.88000
5000,7.30000,0.22860,71.30000,0.01044,115.29800
8000,0.00000,0.15240,31.70000,0.00209,117.95700
5000,0.00000,0.15240,55.50000,0.00173,125.20300
500,7.30000,0.22860,71.30000,0.01044,136.79800
1600,9.50000,0.02540,39.60000,0.00450,131.18400
5000,0.00000,0.22860,71.30000,0.00214,124.30400
630,11.20000,0.05080,71.30000,0.01407,133.61100
1250,9.90000,0.15240,31.70000,0.02528,118.61900
10000,0.00000,0.02540,39.60000,0.00043,133.37600
800,3.00000,0.30480,55.50000,0.00452,129.94900
250,0.00000,0.30480,31.70000,0.00331,118.59500
800,2.00000,0.22860,39.60000,0.00347,129.03700
1000,17.40000,0.02540,55.50000,0.01657,126.00100
1250,3.30000,0.10160,39.60000,0.00245,133.21100
6300,0.00000,0.15240,55.50000,0.00173,123.30300
1600,1.50000,0.30480,39.60000,0.00392,122.21100
5000,1.50000,0.30480,39.60000,0.00392,116.24100
2000,17.40000,0.02540,31.70000,0.01766,124.35600
8000,0.00000,0.30480,71.30000,0.00266,117.15100
2000,6.70000,0.10160,31.70000,0.00593,120.44600
1000,0.00000,0.05080,31.70000,0.00081,126.78000
200,9.90000,0.15240,31.70000,0.02528,127.29900
200,7.30000,0.22860,71.30000,0.01044,138.75800
2500,12.30000,0.10160,71.30000,0.03378,121.31800
3150,4.00000,0.22860,31.70000,0.00509,120.22900
1250,3.00000,0.30480,39.60000,0.00496,125.80200
6300,3.30000,0.10160,39.60000,0.00245,120.85100
400,17.40000,0.02540,39.60000,0.01722,115.44400
800,12.30000,0.10160,55.50000,0.03682,125.11400
500,8.40000,0.05080,39.60000,0.00566,122.90500
500,9.50000,0.02540,39.60000,0.00450,123.89400
12500,0.00000,0.30480,71.30000,0.00266,112.24100
1250,0.00000,0.15240,39.60000,0.00193,131.02300
250,15.40000,0.05080,55.50000,0.02719,124.17000
1000,1.50000,0.30480,39.60000,0.00392,127.58100
1000,5.40000,0.15240,31.70000,0.00525,128.24100
5000,9.50000,0.02540,55.50000,0.00433,128.41200
400,19.70000,0.05080,39.60000,0.03648,130.61400
3150,4.80000,0.02540,39.60000,0.00091,133.43600
4000,7.20000,0.15240,39.60000,0.00909,114.25800
400,2.00000,0.22860,71.30000,0.00293,125.11600
800,4.80000,0.02540,39.60000,0.00091,120.76600
1000,0.00000,0.15240,55.50000,0.00173,128.58300
3150,3.00000,0.30480,55.50000,0.00452,120.18900
8000,3.30000,0.10160,71.30000,0.00203,121.23400
500,2.00000,0.22860,31.70000,0.00372,126.67700
250,11.20000,0.05080,71.30000,0.01407,127.10100
1600,22.20000,0.02540,39.60000,0.02290,122.21600
400,5.30000,0.22860,71.30000,0.00519,127.70000
4000,0.00000,0.10160,55.50000,0.00132,129.50000
8000,0.00000,0.30480,39.60000,0.00310,114.77900
12500,0.00000,0.02540,31.70000,0.00044,128.97700
4000,4.20000,0.05080,71.30000,0.00143,133.59800
1250,4.00000,0.30480,71.30000,0.00498,129.39500
1250,0.00000,0.22860,71.30000,0.00214,128.14400
250,4.00000,0.30480,39.60000,0.00580,123.54300
1000,7.30000,0.22860,31.70000,0.01327,119.09900
6300,9.90000,0.15240,55.50000,0.02084,110.55500
400,9.50000,0.02540,31.70000,0.00461,124.75600
2000,0.00000,0.15240,55.50000,0.00173,129.67300
1600,7.30000,0.22860,39.60000,0.01235,121.05900
315,4.00000,0.30480,39.60000,0.00580,126.84300
250,15.40000,0.05080,31.70000,0.02899,121.22500
630,2.70000,0.15240,39.60000,0.00295,125.80900
1250,22.20000,0.02540,39.60000,0.02290,126.44600
1600,3.00000,0.30480,71.30000,0.00426,126.51400
200,19.70000,0.05080,71.30000,0.03412,118.00500
1600,0.00000,0.02540,31.70000,0.00044,129.26700
200,0.00000,0.30480,39.60000,0.00310,118.12900
1250,4.20000,0.05080,39.60000,0.00153,128.42700
1000,9.90000,0.15240,39.60000,0.02333,123.83500
12500,0.00000,0.05080,71.30000,0.00074,125.22000
20000,4.80000,0.02540,55.50000,0.00087,121.28400
400,8.90000,0.10160,39.60000,0.01246,135.54000
5000,0.00000,0.05080,39.60000,0.00079,134.30800
3150,4.80000,0.02540,71.30000,0.00085,133.37800
800,15.40000,0.05080,71.30000,0.02643,131.51500
3150,0.00000,0.30480,71.30000,0.00266,125.20100
1250,9.50000,0.02540,31.70000,0.00461,131.44600
3150,12.70000,0.02540,71.30000,0.01218,133.75800
2500,0.00000,0.15240,71.30000,0.00160,128.12700
5000,0.00000,0.30480,55.50000,0.00283,119.60600
500,1.50000,0.30480,39.60000,0.00392,126.66100
1600,3.30000,0.10160,31.70000,0.00251,133.40200
1600,0.00000,0.10160,71.30000,0.00121,131.72500
2500,4.00000,0.30480,71.30000,0.00498,123.77500
6300,5.40000,0.15240,31.70000,0.00525,115.59100
2500,0.00000,0.30480,39.60000,0.00310,121.39900
500,4.80000,0.02540,31.70000,0.00093,116.12800
5000,4.80000,0.02540,55.50000,0.00087,135.48400
315,8.90000,0.10160,71.30000,0.01031,136.58300
1600,9.50000,0.02540,31.70000,0.00461,131.03600
1000,4.00000,0.22860,39.60000,0.00474,129.96900
10000,2.70000,0.15240,39.60000,0.00295,112.58900
12500,0.00000,0.10160,71.30000,0.00121,119.37500
500,6.70000,0.10160,55.50000,0.00521,129.34300
4000,0.00000,0.02540,39.60000,0.00043,135.34600
630,5.40000,0.15240,55.50000,0.00433,131.80700
5000,5.40000,0.15240,31.70000,0.00525,115.69100
5000,22.20000,0.02540,39.60000,0.02290,118.81600
10000,12.70000,0.02540,39.60000,0.01303,116.01700
2500,0.00000,0.30480,31.70000,0.00331,120.75500
800,9.90000,0.15240,31.70000,0.02528,125.53900
800,9.50000,0.02540,55.50000,0.00433,128.08200
6300,4.00000,0.22860,71.30000,0.00401,118.61800
10000,4.80000,0.02540,55.50000,0.00087,126.94400
200,17.40000,0.02540,55.50000,0.01657,109.95100
800,7.30000,0.22860,31.70000,0.01327,123.20900
2500,2.00000,0.22860,39.60000,0.00347,121.39700
500,0.00000,0.30480,55.50000,0.00283,126.41600
315,12.30000,0.10160,71.30000,0.03378,137.06800
800,1.50000,0.30480,39.60000,0.00392,128.83100
2500,0.00000,0.05080,71.30000,0.00074,131.31000
4000,9.90000,0.15240,71.30000,0.01930,115.07900
6300,12.60000,0.15240,71.30000,0.04832,107.28400
6300,4.20000,0.05080,39.60000,0.00153,125.71700
2000,9.90000,0.15240,31.70000,0.02528,116.85900
1600,5.40000,0.15240,39.60000,0.00485,126.26700
3150,12.60000,0.15240,71.30000,0.04832,113.33400
400,2.00000,0.22860,39.60000,0.00347,122.14700
2500,4.80000,0.02540,55.50000,0.00087,129.14400
2500,22.20000,0.02540,71.30000,0.02142,126.09700
4000,0.00000,0.30480,71.30000,0.00266,123.06100
5000,0.00000,0.05080,71.30000,0.00074,134.43000
1000,19.70000,0.05080,71.30000,0.03412,121.88500
6300,0.00000,0.10160,31.70000,0.00150,124.25300
800,15.40000,0.05080,39.60000,0.02826,128.42300
2000,0.00000,0.30480,39.60000,0.00310,123.68900
250,9.50000,0.02540,39.60000,0.00450,116.92400
200,7.30000,0.22860,55.50000,0.01117,135.23400
3150,5.40000,0.15240,31.70000,0.00525,118.29100
10000,3.30000,0.10160,71.30000,0.00203,116.69400
3150,0.00000,0.02540,39.60000,0.00043,133.27600
1250,12.30000,0.10160,39.60000,0.04083,121.16500
4000,0.00000,0.15240,31.70000,0.00209,123.80700
20000,4.00000,0.22860,71.30000,0.00401,109.63800
5000,15.40000,0.05080,71.30000,0.02643,119.13500
4000,0.00000,0.30480,39.60000,0.00310,119.22900
1600,9.90000,0.15240,31.70000,0.02528,117.11900
1250,2.70000,0.15240,39.60000,0.00295,130.82900
4000,0.00000,0.02540,55.50000,0.00041,133.22300
4000,4.00000,0.30480,71.30000,0.00498,119.53500
800,19.70000,0.05080,39.60000,0.03648,119.17400
5000,5.40000,0.15240,71.30000,0.00401,120.06100
4000,2.00000,0.22860,31.70000,0.00372,120.52700
1250,9.90000,0.15240,55.50000,0.02084,121.63500
4000,3.30000,0.10160,55.50000,0.00221,127.22900
5000,2.70000,0.15240,39.60000,0.00295,121.49900
4000,4.80000,0.02540,39.60000,0.00091,134.99600
315,0.00000,0.22860,39.60000,0.00254,121.05500
250,15.60000,0.10160,71.30000,0.04373,132.15800
1600,2.70000,0.15240,71.30000,0.00244,130.64400
4000,12.60000,0.15240,39.60000,0.05841,104.50000
630,9.50000,0.02540,55.50000,0.00433,125.45200
1250,2.70000,0.15240,71.30000,0.00244,130.14400
800,4.00000,0.22860,31.70000,0.00509,130.86900
400,9.90000,0.15240,31.70000,0.02528,128.93900
6300,5.40000,0.15240,55.50000,0.00433,117.28700
6300,4.20000,0.05080,71.30000,0.00143,129.30800
3150,17.40000,0.02540,31.70000,0.01766,123.46600
5000,2.00000,0.22860,71.30000,0.00293,122.81600
5000,4.80000,0.02540,31.70000,0.00093,135.24800
1250,19.70000,0.05080,39.60000,0.03648,118.63400
1600,0.00000,0.10160,31.70000,0.00150,133.55300
800,3.30000,0.10160,39.60000,0.00245,129.99100
2000,8.40000,0.05080,55.50000,0.00545,133.04200
400,5.30000,0.22860,39.60000,0.00614,131.22100
800,9.90000,0.15240,55.50000,0.02084,126.56500
1600,15.60000,0.10160,71.30000,0.04373,121.52800
1250,8.40000,0.05080,31.70000,0.00581,130.15600
6300,4.00000,0.22860,55.50000,0.00429,117.15400
6300,12.70000,0.02540,71.30000,0.01218,125.39800
400,0.00000,0.30480,31.70000,0.00331,125.04500
630,17.40000,0.02540,71.30000,0.01610,122.60600
1250,8.40000,0.05080,71.30000,0.00530,132.08600
800,12.70000,0.02540,39.60000,0.01303,130.21700
5000,12.30000,0.10160,39.60000,0.04083,108.62500
1250,6.70000,0.10160,39.60000,0.00578,132.39500
400,9.50000,0.02540,55.50000,0.00433,120.95200
500,19.70000,0.05080,71.30000,0.03412,126.99500
630,7.20000,0.15240,71.30000,0.00752,134.85300
2000,7.20000,0.15240,71.30000,0.00752,128.64300
6300,15.40000,0.05080,55.50000,0.02719,112.93000
1600,9.90000,0.15240,39.60000,0.02333,118.54500
1600,0.00000,0.10160,55.50000,0.00132,132.05000
315,5.40000,0.15240,39.60000,0.00485,125.34700
3150,0.00000,0.22860,39.60000,0.00254,124.62500
2500,7.20000,0.15240,39.60000,0.00909,117.47800
630,3.00000,0.30480,39.60000,0.00496,129.29200
2500,15.40000,0.05080,71.30000,0.02643,127.62500
1000,2.70000,0.15240,71.30000,0.00244,128.77400
1600,0.00000,0.15240,55.50000,0.00173,130.18300
4000,4.00000,0.22860,31.70000,0.00509,118.85900
3150,2.00000,0.22860,39.60000,0.00347,121.62700
200,19.70000,0.05080,39.60000,0.03648,125.97400
200,15.40000,0.05080,55.50000,0.02719,122.94000
1250,15.60000,0.10160,39.60000,0.05285,118.21400
1000,4.00000,0.22860,31.70000,0.00509,129.86900
6300,0.00000,0.30480,39.60000,0.00310,116.22900
400,22.20000,0.02540,39.60000,0.02290,123.41600
10000,0.00000,0.30480,39.60000,0.00310,112.13900
500,2.00000,0.22860,39.60000,0.00347,125.15700
1250,4.00000,0.22860,71.30000,0.00401,131.71800
400,12.70000,0.02540,71.30000,0.01218,125.04800
400,0.00000,0.22860,39.60000,0.00254,123.56500
4000,0.00000,0.15240,71.30000,0.00160,128.85700
2500,8.90000,0.10160,71.30000,0.01031,123.62300
400,5.40000,0.15240,31.70000,0.00525,127.78100
16000,2.70000,0.15240,71.30000,0.00244,110.36400
500,17.40000,0.02540,55.50000,0.01657,119.62100
400,3.00000,0.30480,71.30000,0.00426,127.56400
5000,4.20000,0.05080,71.30000,0.00143,132.82800
500,15.40000,0.05080,71.30000,0.02643,127.28500
4000,22.20000,0.02540,71.30000,0.02142,123.91700
1600,0.00000,0.22860,71.30000,0.00214,129.13400
250,15.40000,0.05080,71.30000,0.02643,124.83500
1000,0.00000,0.30480,39.60000,0.00310,127.89900
250,7.30000,0.22860,71.30000,0.01044,139.91800
1250,0.00000,0.15240,55.50000,0.00173,129.95300
2000,11.20000,0.05080,71.30000,0.01407,133.31100
2000,7.30000,0.22860,39.60000,0.01235,117.80900
500,22.20000,0.02540,71.30000,0.02142,117.96700
500,15.40000,0.05080,31.70000,0.02899,123.69500
800,17.40000,0.02540,55.50000,0.01657,123.09100
1000,15.40000,0.05080,71.30000,0.02643,131.86500
1000,3.00000,0.30480,71.30000,0.00426,129.00400
1250,3.30000,0.10160,71.30000,0.00203,132.30400
2500,9.90000,0.15240,31.70000,0.02528,114.72900
250,7.30000,0.22860,55.50000,0.01117,136.38400
500,0.00000,0.15240,31.70000,0.00209,121.61700
1000,4.20000,0.05080,39.60000,0.00153,125.64700
2500,5.40000,0.15240,31.70000,0.00525,119.15100
5000,1.50000,0.30480,71.30000,0.00337,119.63200
6300,0.00000,0.22860,55.50000,0.00229,118.41000
1000,9.90000,0.15240,55.50000,0.02084,124.66500
1000,12.30000,0.10160,55.50000,0.03682,125.48400
630,0.00000,0.10160,39.60000,0.00146,125.40100
1000,2.00000,0.22860,71.30000,0.00293,128.95600
6300,2.00000,0.22860,71.30000,0.00293,120.78600
4000,0.00000,0.05080,55.50000,0.00076,134.94600
800,12.60000,0.15240,39.60000,0.05841,116.56000
800,1.50000,0.30480,71.30000,0.00337,127.12200
315,3.00000,0.30480,39.60000,0.00496,123.31200
1000,8.90000,0.10160,71.30000,0.01031,135.43300
1250,0.00000,0.22860,39.60000,0.00254,129.39500
800,6.70000,0.10160,55.50000,0.00521,135.95300
3150,17.40000,0.02540,71.30000,0.01610,126.53600
3150,8.40000,0.05080,39.60000,0.00566,123.96500
1600,8.40000,0.05080,39.60000,0.00566,130.96500
2500,5.30000,0.22860,39.60000,0.00614,116.15100
3150,12.60000,0.15240,39.60000,0.05841,106.26000
1250,2.00000,0.22860,55.50000,0.00314,128.76200
250,12.30000,0.10160,71.30000,0.03378,131.56800
6300,9.90000,0.15240,71.30000,0.01930,112.03900
800,9.90000,0.15240,71.30000,0.01930,128.87900
2000,4.20000,0.05080,71.30000,0.00143,129.84800
6300,0.00000,0.22860,39.60000,0.00254,117.46500
2500,17.40000,0.02540,39.60000,0.01722,124.15400
2000,0.00000,0.30480,71.30000,0.00266,127.46100
800,9.50000,0.02540,39.60000,0.00450,129.01400
5000,8.90000,0.10160,39.60000,0.01246,113.08000
500,2.00000,0.22860,55.50000,0.00314,124.69200
1600,3.00000,0.30480,55.50000,0.00452,124.43900
1250,0.00000,0.15240,71.30000,0.00160,128.92700
630,0.00000,0.15240,55.50000,0.00173,123.58300
4000,8.90000,0.10160,71.30000,0.01031,120.24300
2000,3.00000,0.30480,55.50000,0.00452,123.06900
1250,0.00000,0.15240,31.70000,0.00209,131.46700
400,7.30000,0.22860,39.60000,0.01235,132.03900
10000,0.00000,0.05080,39.60000,0.00079,125.99800
400,8.40000,0.05080,31.70000,0.00581,120.07600
1250,7.30000,0.22860,31.70000,0.01327,120.50900
2500,3.00000,0.30480,39.60000,0.00496,120.16200
2500,9.50000,0.02540,39.60000,0.00450,131.23400
1600,12.30000,0.10160,39.60000,0.04083,117.87500
3150,1.50000,0.30480,39.60000,0.00392,119.11100
1600,7.30000,0.22860,55.50000,0.01117,123.35400
4000,0.00000,0.02540,71.30000,0.00040,138.55700
500,8.40000,0.05080,31.70000,0.00581,122.96600
800,11.20000,0.05080,71.30000,0.01407,136.03100
200,17.40000,0.02540,31.70000,0.01766,116.14600
2500,2.70000,0.15240,39.60000,0.00295,125.58900
2500,15.60000,0.10160,71.30000,0.04373,118.99800
6300,12.30000,0.10160,55.50000,0.03682,110.12400
6300,9.50000,0.02540,31.70000,0.00461,120.72600
2000,15.60000,0.10160,39.60000,0.05285,110.89400
3150,9.90000,0.15240,71.30000,0.01930,116.84900
1000,0.00000,0.05080,55.50000,0.00076,125.58600
1250,0.00000,0.05080,55.50000,0.00076,127.07600
630,12.30000,0.10160,71.30000,0.03378,135.36800
1250,5.40000,0.15240,55.50000,0.00433,130.77700
630,5.40000,0.15240,71.30000,0.00401,128.97100
500,8.90000,0.10160,39.60000,0.01246,133.79000
3150,8.40000,0.05080,31.70000,0.00581,122.08600
2000,2.00000,0.22860,31.70000,0.00372,123.03700
1250,3.00000,0.30480,31.70000,0.00530,124.83800
315,0.00000,0.22860,55.50000,0.00229,119.54000
8000,1.50000,0.30480,39.60000,0.00392,112.25100
800,4.00000,0.30480,71.30000,0.00498,131.75500
1000,7.30000,0.22860,39.60000,0.01235,122.53900
8000,4.80000,0.02540,31.70000,0.00093,127.00800
315,9.90000,0.15240,55.50000,0.02084,132.35500
400,9.90000,0.15240,55.50000,0.02084,131.60500
630,8.40000,0.05080,55.50000,0.00545,126.15200
630,7.30000,0.22860,55.50000,0.01117,130.93400
400,4.00000,0.30480,39.60000,0.00580,128.63300
5000,7.30000,0.22860,31.70000,0.01327,111.02900
200,12.30000,0.10160,55.50000,0.03682,132.30400
1600,5.30000,0.22860,39.60000,0.00614,123.08100
400,6.70000,0.10160,39.60000,0.00578,128.29500
1600,0.00000,0.22860,55.50000,0.00229,126.79000
630,15.40000,0.05080,71.30000,0.02643,129.64500
630,6.70000,0.10160,55.50000,0.00521,133.02300
800,2.00000,0.22860,31.70000,0.00372,130.30700
400,7.20000,0.15240,71.30000,0.00752,130.12300
2500,5.40000,0.15240,55.50000,0.00433,124.07700
1600,22.20000,0.02540,71.30000,0.02142,131.81700
1600,0.00000,0.30480,31.70000,0.00331,122.36500
200,15.60000,0.10160,39.60000,0.05285,123.51400
5000,0.00000,0.02540,71.30000,0.00040,136.83700
2500,5.40000,0.15240,39.60000,0.00485,120.49700
3150,8.40000,0.05080,71.30000,0.00530,131.96600
500,0.00000,0.15240,39.60000,0.00193,119.51300
8000,17.40000,0.02540,71.30000,0.01610,115.46600
2000,1.50000,0.30480,71.30000,0.00337,126.64200
400,15.60000,0.10160,71.30000,0.04373,134.05800
1600,4.00000,0.22860,31.70000,0.00509,125.22900
4000,19.70000,0.05080,71.30000,0.03412,113.04500
3150,5.40000,0.15240,71.30000,0.00401,123.31100
1000,5.40000,0.15240,39.60000,0.00485,130.50700
1000,0.00000,0.02540,31.70000,0.00044,125.12700
5000,0.00000,0.30480,39.60000,0.00310,117.78900
800,0.00000,0.05080,31.70000,0.00081,122.79000
1000,15.40000,0.05080,39.60000,0.02826,127.89300
1600,2.70000,0.15240,39.60000,0.00295,130.04900
8000,3.00000,0.30480,39.60000,0.00496,110.65200
4000,0.00000,0.15240,55.50000,0.00173,127.23300
500,22.20000,0.02540,39.60000,0.02290,129.77600
315,9.50000,0.02540,31.70000,0.00461,122.76600
3150,0.00000,0.10160,55.50000,0.00132,131.78000
400,9.50000,0.02540,39.60000,0.00450,121.15400
16000,4.80000,0.02540,71.30000,0.00085,124.20800
6300,9.90000,0.15240,31.70000,0.02528,108.68900
5000,9.90000,0.15240,39.60000,0.02333,111.13500
5000,12.70000,0.02540,71.30000,0.01218,128.97800
3150,0.00000,0.30480,55.50000,0.00283,123.23600
500,5.40000,0.15240,55.50000,0.00433,129.36700
2000,12.30000,0.10160,55.50000,0.03682,118.56400
315,2.00000,0.22860,39.60000,0.00347,120.13700
4000,3.30000,0.10160,71.30000,0.00203,128.70400
250,9.90000,0.15240,39.60000,0.02333,128.33500
1000,0.00000,0.10160,55.50000,0.00132,129.80000
800,4.00000,0.22860,55.50000,0.00429,131.86400
1600,5.30000,0.22860,71.30000,0.00519,130.46000
400,5.40000,0.15240,55.50000,0.00433,126.80700
500,3.00000,0.30480,71.30000,0.00426,128.45400
6300,8.90000,0.10160,39.60000,0.01246,113.11000
2000,9.90000,0.15240,39.60000,0.02333,117.92500
2000,17.40000,0.02540,39.60000,0.01722,126.64400
3150,4.80000,0.02540,31.70000,0.00093,134.26800
2000,2.70000,0.15240,39.60000,0.00295,128.13900
1600,0.00000,0.30480,39.60000,0.00310,124.04900
4000,5.30000,0.22860,71.30000,0.00519,120.33000
5000,3.00000,0.30480,31.70000,0.00530,113.85800
315,15.40000,0.05080,39.60000,0.02826,124.49300
6300,2.00000,0.22860,39.60000,0.00347,116.41700
4000,2.00000,0.22860,55.50000,0.00314,122.23200
630,0.00000,0.30480,31.70000,0.00331,129.09500
2500,4.00000,0.30480,39.60000,0.00580,120.23300
500,19.70000,0.05080,39.60000,0.03648,128.44400
3150,0.00000,0.30480,39.60000,0.00310,120.31900
6300,15.40000,0.05080,39.60000,0.02826,109.66300
3150,12.30000,0.10160,31.70000,0.04188,110.30700
250,4.00000,0.22860,31.70000,0.00509,120.18900
5000,5.40000,0.15240,39.60000,0.00485,117.03700
2000,7.20000,0.15240,39.60000,0.00909,120.22800
8000,0.00000,0.05080,39.60000,0.00079,128.51800
3150,2.00000,0.22860,71.30000,0.00293,126.11600
3150,12.30000,0.10160,55.50000,0.03682,116.91400
1600,15.60000,0.10160,39.60000,0.05285,114.55400
800,0.00000,0.30480,31.70000,0.00331,129.23500
1250,12.60000,0.15240,39.60000,0.05841,112.16000
630,4.00000,0.22860,55.50000,0.00429,129.96400
3150,0.00000,0.22860,71.30000,0.00214,127.83400
6300,1.50000,0.30480,71.30000,0.00337,118.12200
630,7.30000,0.22860,39.60000,0.01235,128.92900
500,11.20000,0.05080,39.60000,0.01505,131.96000
1250,4.80000,0.02540,31.70000,0.00093,127.40800
12500,4.00000,0.30480,71.30000,0.00498,107.40500
12500,0.00000,0.15240,71.30000,0.00160,117.08700
400,2.00000,0.22860,31.70000,0.00372,123.41700
400,17.40000,0.02540,31.70000,0.01766,120.76600
800,8.40000,0.05080,71.30000,0.00530,127.55600
315,4.00000,0.30480,71.30000,0.00498,128.17500
1600,17.40000,0.02540,55.50000,0.01657,126.47100
400,8.40000,0.05080,55.50000,0.00545,121.58200
800,5.40000,0.15240,55.50000,0.00433,133.09700
5000,9.50000,0.02540,71.30000,0.00421,131.18600
315,15.40000,0.05080,31.70000,0.02899,122.84500
5000,12.70000,0.02540,39.60000,0.01303,125.10700
3150,0.00000,0.15240,55.50000,0.00173,127.75300
400,7.30000,0.22860,55.50000,0.01117,135.92400
315,11.20000,0.05080,39.60000,0.01505,128.99000
2500,2.70000,0.15240,71.30000,0.00244,128.33400
8000,0.00000,0.15240,55.50000,0.00173,121.90300
2500,0.00000,0.22860,39.60000,0.00254,125.02500
5000,9.90000,0.15240,71.30000,0.01930,114.56900
2500,2.00000,0.22860,71.30000,0.00293,127.00600
1600,2.00000,0.22860,55.50000,0.00314,126.75200
2000,0.00000,0.05080,31.70000,0.00081,133.01000
3150,7.30000,0.22860,39.60000,0.01235,114.30900
500,17.40000,0.02540,31.70000,0.01766,127.67600
5000,7.30000,0.22860,55.50000,0.01117,113.14400
315,7.30000,0.22860,39.60000,0.01235,132.14900
200,11.20000,0.05080,71.30000,0.01407,125.94100
3150,12.30000,0.10160,71.30000,0.03378,120.79800
10000,3.00000,0.30480,55.50000,0.00452,112.16900
3150,9.50000,0.02540,55.50000,0.00433,133.25200
1250,0.00000,0.30480,31.70000,0.00331,124.35500
8000,3.00000,0.30480,55.50000,0.00452,113.79900
2000,4.00000,0.22860,71.30000,0.00401,126.21800
500,0.00000,0.15240,55.50000,0.00173,120.57300
2500,17.40000,0.02540,31.70000,0.01766,124.16600
800,15.40000,0.05080,55.50000,0.02719,130.43000
250,19.70000,0.05080,71.30000,0.03412,119.11500
10000,0.00000,0.15240,39.60000,0.00193,115.41300
200,12.30000,0.10160,31.70000,0.04188,124.98700
800,2.00000,0.22860,71.30000,0.00293,128.21600
2000,15.40000,0.05080,39.60000,0.02826,123.44300
6300,0.00000,0.10160,39.60000,0.00146,125.63100
2500,15.40000,0.05080,55.50000,0.02719,125.63000
10000,4.80000,0.02540,39.60000,0.00091,126.06600
1250,17.40000,0.02540,55.50000,0.01657,129.30100
3150,9.50000,0.02540,39.60000,0.00450,129.93400
400,12.60000,0.15240,39.60000,0.05841,115.91000
6300,0.00000,0.10160,55.50000,0.00132,127.73000
2500,22.20000,0.02540,39.60000,0.02290,121.30600
2000,12.30000,0.10160,31.70000,0.04188,110.44700
1600,8.40000,0.05080,71.30000,0.00530,133.84600
630,15.40000,0.05080,39.60000,0.02826,127.44300
5000,17.40000,0.02540,55.50000,0.01657,118.94100
6300,3.00000,0.30480,31.70000,0.00530,109.71800
6300,4.80000,0.02540,31.70000,0.00093,132.89800
315,7.30000,0.22860,55.50000,0.01117,136.28400
8000,1.50000,0.30480,71.30000,0.00337,115.37200
1600,5.40000,0.15240,71.30000,0.00401,133.24100
12500,0.00000,0.10160,55.50000,0.00132,119.91000
2500,9.90000,0.15240,55.50000,0.02084,118.36500
1000,6.70000,0.10160,55.50000,0.00521,137.23300
4000,8.40000,0.05080,31.70000,0.00581,118.10600
800,5.40000,0.15240,39.60000,0.00485,132.75700
4000,3.00000,0.30480,71.30000,0.00426,120.26400
1000,8.90000,0.10160,39.60000,0.01246,129.58000
16000,4.80000,0.02540,55.50000,0.00087,124.39400
5000,0.00000,0.10160,71.30000,0.00121,130.79500
1000,17.40000,0.02540,31.70000,0.01766,131.79600
16000,4.00000,0.22860,71.30000,0.00401,112.76800
4000,4.00000,0.22860,71.30000,0.00401,121.72800
800,5.30000,0.22860,39.60000,0.00614,129.49100
1600,0.00000,0.15240,39.60000,0.00193,131.01300
4000,15.40000,0.05080,55.50000,0.02719,120.92000
2000,22.20000,0.02540,71.30000,0.02142,127.19700
5000,9.90000,0.15240,55.50000,0.02084,112.06500
2000,5.40000,0.15240,39.60000,0.00485,124.64700
315,12.30000,0.10160,39.60000,0.04083,129.41500
1000,9.90000,0.15240,71.30000,0.01930,126.34900
630,3.00000,0.30480,71.30000,0.00426,129.35400
1000,3.00000,0.30480,39.60000,0.00496,128.31200
4000,7.30000,0.22860,31.70000,0.01327,112.63900
500,4.00000,0.30480,39.60000,0.00580,130.17300
2500,3.30000,0.10160,39.60000,0.00245,130.79100
1250,4.80000,0.02540,39.60000,0.00091,125.02600
4000,5.40000,0.15240,31.70000,0.00525,116.18100
1250,6.70000,0.10160,31.70000,0.00593,129.25600
1600,15.40000,0.05080,39.60000,0.02826,124.84300
3150,4.20000,0.05080,39.60000,0.00153,133.58700
5000,9.50000,0.02540,31.70000,0.00461,124.42600
1000,8.40000,0.05080,31.70000,0.00581,129.51600
1250,1.50000,0.30480,39.60000,0.00392,125.21100
6300,0.00000,0.22860,31.70000,0.00272,116.81500
8000,4.80000,0.02540,71.30000,0.00085,131.51800
630,4.80000,0.02540,39.60000,0.00091,118.69600
1600,4.80000,0.02540,31.70000,0.00093,128.71800
2000,0.00000,0.05080,39.60000,0.00079,132.91800
6300,0.00000,0.10160,71.30000,0.00121,129.39500
8000,2.70000,0.15240,71.30000,0.00244,120.53400
6300,3.30000,0.10160,71.30000,0.00203,124.90400
2500,0.00000,0.15240,39.60000,0.00193,126.86300
3150,5.40000,0.15240,55.50000,0.00433,121.58700
1600,1.50000,0.30480,71.30000,0.00337,126.63200
2000,0.00000,0.02540,39.60000,0.00043,130.02600
250,15.60000,0.10160,39.60000,0.05285,124.64400
4000,22.20000,0.02540,39.60000,0.02290,119.64600
8000,0.00000,0.10160,71.30000,0.00121,125.46500
800,11.20000,0.05080,39.60000,0.01505,133.79000
2000,5.30000,0.22860,71.30000,0.00519,125.89000
800,19.70000,0.05080,71.30000,0.03412,124.55500
800,12.30000,0.10160,39.60000,0.04083,122.31500
200,9.90000,0.15240,39.60000,0.02333,127.31500
1600,2.00000,0.22860,39.60000,0.00347,125.83700
800,9.50000,0.02540,31.70000,0.00461,130.74600
250,12.70000,0.02540,71.30000,0.01218,119.69800
6300,15.40000,0.05080,31.70000,0.02899,108.18500
630,4.00000,0.22860,31.70000,0.00509,130.34900
630,12.60000,0.15240,39.60000,0.05841,116.55000
10000,12.70000,0.02540,71.30000,0.01218,114.41800
1600,12.30000,0.10160,31.70000,0.04188,114.47700
315,8.90000,0.10160,39.60000,0.01246,135.38000
1600,3.30000,0.10160,39.60000,0.00245,133.07100
1600,12.70000,0.02540,71.30000,0.01218,134.52800
6300,0.00000,0.15240,39.60000,0.00193,121.31300
12500,0.00000,0.30480,55.50000,0.00283,111.07600
630,5.40000,0.15240,31.70000,0.00525,131.47100
250,17.40000,0.02540,55.50000,0.01657,110.49100
16000,0.00000,0.02540,55.50000,0.00041,125.68300
10000,0.00000,0.05080,71.30000,0.00074,128.74000
3150,0.00000,0.10160,71.30000,0.00121,131.95500
800,6.70000,0.10160,71.30000,0.00478,134.47800
800,3.00000,0.30480,31.70000,0.00530,128.70800
800,12.70000,0.02540,71.30000,0.01218,130.34800
800,0.00000,0.15240,31.70000,0.00209,129.11700
2500,0.00000,0.30480,55.50000,0.00283,124.10600
5000,15.60000,0.10160,39.60000,0.05285,106.22400
1250,12.70000,0.02540,39.60000,0.01303,130.77700
500,2.70000,0.15240,39.60000,0.00295,121.00900
500,12.60000,0.15240,39.60000,0.05841,114.90000
2000,9.50000,0.02540,71.30000,0.00421,134.97600
3150,3.30000,0.10160,71.30000,0.00203,132.11400
3150,15.40000,0.05080,55.50000,0.02719,123.46000
800,3.30000,0.10160,55.50000,0.00221,129.11900
250,15.40000,0.05080,39.60000,0.02826,122.89300
12500,0.00000,0.30480,39.60000,0.00310,109.61900
6300,4.00000,0.22860,31.70000,0.00509,112.69900
800,0.00000,0.05080,55.50000,0.00076,124.33600
250,19.70000,0.05080,39.60000,0.03648,127.22400
1250,9.50000,0.02540,55.50000,0.00433,132.20200
2000,0.00000,0.22860,71.30000,0.00214,128.24400
315,7.30000,0.22860,71.30000,0.01044,139.80800
10000,1.50000,0.30480,39.60000,0.00392,108.99100
2500,3.30000,0.10160,71.30000,0.00203,133.89400
1250,0.00000,0.30480,71.30000,0.00266,125.95100
2500,3.30000,0.10160,55.50000,0.00221,132.88900
1600,0.00000,0.05080,55.50000,0.00076,128.57600
200,12.60000,0.15240,71.30000,0.04832,128.35400
6300,4.00000,0.30480,71.30000,0.00498,116.16500
10000,1.50000,0.30480,71.30000,0.00337,113.49200
1600,9.90000,0.15240,71.30000,0.01930,121.78900
4000,4.80000,0.02540,55.50000,0.00087,133.92400
3150,4.00000,0.22860,55.50000,0.00429,122.39400
400,5.40000,0.15240,71.30000,0.00401,124.12100
250,9.90000,0.15240,55.50000,0.02084,133.23500
12500,2.70000,0.15240,39.60000,0.00295,108.64900
5000,7.20000,0.15240,71.30000,0.00752,118.34300
200,9.50000,0.02540,39.60000,0.00450,116.07400
500,6.70000,0.10160,39.60000,0.00578,130.95500
630,6.70000,0.10160,31.70000,0.00593,132.11600
6300,8.90000,0.10160,71.30000,0.01031,117.25300
800,7.20000,0.15240,39.60000,0.00909,132.35800
4000,7.30000,0.22860,39.60000,0.01235,114.07900
315,17.40000,0.02540,71.30000,0.01610,115.84600
10000,7.20000,0.15240,71.30000,0.00752,110.31300
10000,5.30000,0.22860,71.30000,0.00519,111.35000
200,9.50000,0.02540,31.70000,0.00461,119.14600
800,4.00000,0.22860,39.60000,0.00474,130.46900
1000,4.80000,0.02540,31.70000,0.00093,125.34800
315,7.20000,0.15240,39.60000,0.00909,130.55800
400,11.20000,0.05080,39.60000,0.01505,130.67000
630,8.90000,0.10160,71.30000,0.01031,138.42300
5000,0.00000,0.30480,31.70000,0.00331,115.64500
500,12.60000,0.15240,71.30000,0.04832,121.66400
4000,17.40000,0.02540,55.50000,0.01657,121.77100
500,9.90000,0.15240,31.70000,0.02528,127.17900
630,0.00000,0.15240,31.70000,0.00209,125.99700
250,12.30000,0.10160,55.50000,0.03682,133.29400
800,0.00000,0.15240,39.60000,0.00193,127.90300
2000,11.20000,0.05080,39.60000,0.01505,124.42000
1600,0.00000,0.22860,31.70000,0.00272,125.62500
800,12.30000,0.10160,31.70000,0.04188,120.03700
5000,4.00000,0.22860,71.30000,0.00401,121.11800
6300,0.00000,0.02540,55.50000,0.00041,136.10300
3150,3.00000,0.30480,71.30000,0.00426,121.51400
250,0.00000,0.30480,39.60000,0.00310,119.31900
630,9.50000,0.02540,31.70000,0.00461,129.00600
800,17.40000,0.02540,31.70000,0.01766,139.22600
1600,7.30000,0.22860,71.30000,0.01044,125.72800
4000,9.90000,0.15240,31.70000,0.02528,111.45900
800,15.60000,0.10160,71.30000,0.04373,124.18800
4000,17.40000,0.02540,39.60000,0.01722,122.72400
1000,9.50000,0.02540,31.70000,0.00461,131.34600
1250,9.90000,0.15240,39.60000,0.02333,120.55500
1250,6.70000,0.10160,71.30000,0.00478,137.65800
400,0.00000,0.22860,55.50000,0.00229,121.66000
3150,0.00000,0.15240,31.70000,0.00209,124.20700
1600,4.00000,0.22860,71.30000,0.00401,129.46800
5000,8.40000,0.05080,55.50000,0.00545,115.81200
3150,9.90000,0.15240,31.70000,0.02528,112.20900
4000,1.50000,0.30480,71.30000,0.00337,121.76200
5000,12.30000,0.10160,31.70000,0.04188,107.14700
3150,0.00000,0.22860,55.50000,0.00229,125.16000
5000,0.00000,0.15240,39.60000,0.00193,123.45300
1600,6.70000,0.10160,55.50000,0.00521,133.65300
1000,22.20000,0.02540,71.30000,0.02142,134.24700
3150,15.40000,0.05080,71.30000,0.02643,125.71500
16000,0.00000,0.02540,39.60000,0.00043,124.98600
5000,5.30000,0.22860,71.30000,0.00519,118.05000
3150,17.40000,0.02540,55.50000,0.01657,124.10100
400,2.00000,0.22860,55.50000,0.00314,122.29200
1600,8.90000,0.10160,39.60000,0.01246,123.82000
8000,0.00000,0.30480,55.50000,0.00283,116.47600
10000,0.00000,0.30480,55.50000,0.00283,113.07600
315,5.30000,0.22860,39.60000,0.00614,129.69100
2500,4.00000,0.22860,31.70000,0.00509,120.20900
400,7.30000,0.22860,31.70000,0.01327,130.26900
315,7.20000,0.15240,71.30000,0.00752,128.71300
6300,7.30000,0.22860,31.70000,0.01327,110.68900
5000,0.00000,0.22860,31.70000,0.00272,120.50500
2000,0.00000,0.05080,71.30000,0.00074,131.06000
4000,2.00000,0.22860,39.60000,0.00347,120.22700
500,4.00000,0.30480,71.30000,0.00498,130.71500
2500,9.90000,0.15240,39.60000,0.02333,116.29500
2500,9.50000,0.02540,71.30000,0.00421,135.95600
2500,0.00000,0.02540,71.30000,0.00040,133.70700
5000,12.30000,0.10160,71.30000,0.03378,116.10800
5000,4.80000,0.02540,71.30000,0.00085,135.46800
3150,19.70000,0.05080,39.60000,0.03648,113.00400
2500,11.20000,0.05080,71.30000,0.01407,130.54100
5000,0.00000,0.22860,55.50000,0.00229,122.41000
500,5.40000,0.15240,39.60000,0.00485,129.93700
315,12.70000,0.02540,71.30000,0.01218,122.93800
3150,0.00000,0.05080,39.60000,0.00079,135.93800
3150,7.30000,0.22860,31.70000,0.01327,113.22900
2000,9.50000,0.02540,31.70000,0.00461,130.49600
3150,0.00000,0.02540,71.30000,0.00040,137.00700
200,7.30000,0.22860,39.60000,0.01235,130.98900
800,4.00000,0.30480,39.60000,0.00580,130.72300
2000,4.00000,0.22860,31.70000,0.00509,122.08900
12500,2.70000,0.15240,71.30000,0.00244,113.03400
4000,2.70000,0.15240,71.30000,0.00244,126.53400
1250,0.00000,0.05080,31.70000,0.00081,129.27000
1250,3.00000,0.30480,71.30000,0.00426,127.63400
1000,2.00000,0.22860,39.60000,0.00347,129.14700
4000,0.00000,0.05080,71.30000,0.00074,134.43000
1000,8.40000,0.05080,71.30000,0.00530,129.94600
3150,0.00000,0.02540,31.70000,0.00044,135.22700
8000,0.00000,0.22860,71.30000,0.00214,118.02400
6300,15.60000,0.10160,39.60000,0.05285,104.20400
250,17.40000,0.02540,31.70000,0.01766,116.95600
1250,6.70000,0.10160,55.50000,0.00521,136.88300
1000,12.60000,0.15240,71.30000,0.04832,122.04400
6300,0.00000,0.30480,31.70000,0.00331,113.77500
200,8.90000,0.10160,39.60000,0.01246,133.42000
2000,5.40000,0.15240,55.50000,0.00433,128.70700
630,9.90000,0.15240,55.50000,0.02084,127.31500
6300,2.70000,0.15240,71.30000,0.00244,121.94400
400,12.30000,0.10160,39.60000,0.04083,128.26500
1600,12.60000,0.15240,39.60000,0.05841,110.78000
800,0.00000,0.10160,55.50000,0.00132,127.92000
2500,0.00000,0.02540,55.50000,0.00041,130.07300
1600,6.70000,0.10160,39.60000,0.00578,127.37500
1250,2.00000,0.22860,71.30000,0.00293,128.81600
4000,17.40000,0.02540,71.30000,0.01610,125.58600
1250,0.00000,0.05080,39.60000,0.00079,129.14800
12500,0.00000,0.05080,39.60000,0.00079,123.98800
400,8.90000,0.10160,71.30000,0.01031,138.12300
1600,0.00000,0.15240,71.30000,0.00160,129.66700
3150,8.90000,0.10160,71.30000,0.01031,123.26300
800,3.30000,0.10160,71.30000,0.00203,131.07400
1250,15.40000,0.05080,55.50000,0.02719,130.00000
1250,15.40000,0.05080,31.70000,0.02899,123.25500
1600,12.70000,0.02540,39.60000,0.01303,129.97700
630,12.70000,0.02540,39.60000,0.01303,128.86700
1250,12.70000,0.02540,71.30000,0.01218,133.04800
4000,3.00000,0.30480,39.60000,0.00496,116.79200
12500,4.80000,0.02540,55.50000,0.00087,125.09400
200,0.00000,0.30480,31.70000,0.00331,117.19500
630,9.90000,0.15240,31.70000,0.02528,126.04900
1250,5.30000,0.22860,71.30000,0.00519,133.38000
5000,4.00000,0.22860,31.70000,0.00509,115.96900
1000,6.70000,0.10160,39.60000,0.00578,134.51500
2000,5.40000,0.15240,31.70000,0.00525,122.77100
3150,2.00000,0.22860,31.70000,0.00372,121.52700
3150,4.20000,0.05080,71.30000,0.00143,133.72800
800,0.00000,0.10160,31.70000,0.00150,129.05300
500,12.30000,0.10160,31.70000,0.04188,118.66700
5000,3.00000,0.30480,55.50000,0.00452,117.30900
315,19.70000,0.05080,39.60000,0.03648,129.86400
8000,4.80000,0.02540,55.50000,0.00087,132.18400
6300,12.70000,0.02540,39.60000,0.01303,123.17700
4000,4.80000,0.02540,31.70000,0.00093,135.32800
500,15.60000,0.10160,71.30000,0.04373,130.63800
500,9.50000,0.02540,55.50000,0.00433,123.08200
1250,0.00000,0.10160,39.60000,0.00146,132.27100
2000,4.20000,0.05080,39.60000,0.00153,132.58700
1600,7.30000,0.22860,31.70000,0.01327,119.03900
1600,4.00000,0.22860,55.50000,0.00429,128.26400
12500,0.00000,0.05080,31.70000,0.00081,119.07000
630,9.50000,0.02540,71.30000,0.00421,125.72600
500,12.30000,0.10160,39.60000,0.04083,122.20500
200,17.40000,0.02540,71.30000,0.01610,112.50600
1250,8.40000,0.05080,55.50000,0.00545,132.25200
250,7.20000,0.15240,39.60000,0.00909,127.48800
1000,9.50000,0.02540,55.50000,0.00433,130.33200
8000,5.40000,0.15240,55.50000,0.00433,114.92700
630,15.60000,0.10160,71.30000,0.04373,122.28800
3150,6.70000,0.10160,71.30000,0.00478,124.45800
4000,4.20000,0.05080,39.60000,0.00153,131.80700
800,5.30000,0.22860,71.30000,0.00519,133.48000
2000,2.00000,0.22860,71.30000,0.00293,126.89600
2500,3.00000,0.30480,31.70000,0.00530,119.59800
315,9.90000,0.15240,31.70000,0.02528,128.80900
2000,0.00000,0.10160,71.30000,0.00121,132.09500
3150,15.60000,0.10160,71.30000,0.04373,116.46800
250,12.60000,0.15240,71.30000,0.04832,129.74400
2000,3.30000,0.10160,71.30000,0.00203,134.03400
1000,15.60000,0.10160,39.60000,0.05285,119.22400
2000,12.70000,0.02540,71.30000,0.01218,134.22800
1600,0.00000,0.05080,71.30000,0.00074,129.68000
6300,4.00000,0.22860,39.60000,0.00474,114.24900
6300,5.40000,0.15240,71.30000,0.00401,116.41100
400,7.30000,0.22860,71.30000,0.01044,139.43800
1600,19.70000,0.05080,71.30000,0.03412,120.57500
6300,9.50000,0.02540,55.50000,0.00433,124.22200
315,22.20000,0.02540,71.30000,0.02142,115.85700
1000,8.40000,0.05080,55.50000,0.00545,130.72200
5000,3.00000,0.30480,39.60000,0.00496,115.79200
12500,0.00000,0.22860,71.30000,0.00214,117.62400
800,22.20000,0.02540,71.30000,0.02142,123.22700
250,7.30000,0.22860,39.60000,0.01235,131.88900
250,11.20000,0.05080,39.60000,0.01505,126.43000
