0.82000,612.50000,318.50000,147.00000,7.00000,3,0.25000,3,27.76000
0.98000,514.50000,294.00000,110.25000,7.00000,3,0.25000,3,29.78000
0.74000,686.00000,245.00000,220.50000,3.50000,2,0.00000,0,10.90000
0.71000,710.50000,269.50000,220.50000,3.50000,3,0.40000,2,17.37000
0.86000,588.00000,294.00000,147.00000,7.00000,3,0.10000,3,31.01000
0.71000,710.50000,269.50000,220.50000,3.50000,4,0.10000,3,14.30000
0.64000,784.00000,343.00000,220.50000,3.50000,2,0.10000,1,19.37000
0.76000,661.50000,416.50000,122.50000,7.00000,2,0.10000,5,34.25000
0.76000,661.50000,416.50000,122.50000,7.00000,2,0.10000,2,33.91000
0.71000,710.50000,269.50000,220.50000,3.50000,3,0.10000,3,13.77000
0.82000,612.50000,318.50000,147.00000,7.00000,5,0.10000,2,28.79000
0.64000,784.00000,343.00000,220.50000,3.50000,5,0.10000,4,19.48000
0.90000,563.50000,318.50000,122.50000,7.00000,4,0.00000,0,25.16000
0.98000,514.50000,294.00000,110.25000,7.00000,3,0.25000,4,29.59000
0.66000,759.50000,318.50000,220.50000,3.50000,5,0.25000,5,16.06000
0.74000,686.00000,245.00000,220.50000,3.50000,5,0.10000,3,13.49000
0.76000,661.50000,416.50000,122.50000,7.00000,2,0.10000,3,33.85000
0.98000,514.50000,294.00000,110.25000,7.00000,3,0.10000,2,25.63000
0.82000,612.50000,318.50000,147.00000,7.00000,2,0.00000,0,23.77000
0.79000,637.00000,343.00000,147.00000,7.00000,5,0.25000,5,43.73000
0.76000,661.50000,416.50000,122.50000,7.00000,4,0.25000,3,37.28000
0.98000,514.50000,294.00000,110.25000,7.00000,2,0.40000,3,32.78000
0.64000,784.00000,343.00000,220.50000,3.50000,5,0.10000,5,19.29000
0.79000,637.00000,343.00000,147.00000,7.00000,2,0.00000,0,37.73000
0.71000,710.50000,269.50000,220.50000,3.50000,3,0.25000,2,15.40000
0.74000,686.00000,245.00000,220.50000,3.50000,3,0.10000,2,13.72000
0.69000,735.00000,294.00000,220.50000,3.50000,2,0.25000,4,15.37000
0.82000,612.50000,318.50000,147.00000,7.00000,4,0.25000,1,27.25000
0.62000,808.50000,367.50000,220.50000,3.50000,5,0.25000,2,15.30000
0.98000,514.50000,294.00000,110.25000,7.00000,2,0.25000,4,29.61000
0.86000,588.00000,294.00000,147.00000,7.00000,5,0.40000,1,36.73000
0.64000,784.00000,343.00000,220.50000,3.50000,5,0.25000,3,20.28000
0.64000,784.00000,343.00000,220.50000,3.50000,4,0.10000,4,19.42000
0.86000,588.00000,294.00000,147.00000,7.00000,4,0.10000,5,32.04000
0.71000,710.50000,269.50000,220.50000,3.50000,2,0.25000,3,14.92000
0.76000,661.50000,416.50000,122.50000,7.00000,4,0.10000,1,34.14000
0.79000,637.00000,343.00000,147.00000,7.00000,2,0.10000,5,34.99000
0.62000,808.50000,367.50000,220.50000,3.50000,3,0.25000,5,14.61000
0.62000,808.50000,367.50000,220.50000,3.50000,4,0.10000,4,14.28000
0.82000,612.50000,318.50000,147.00000,7.00000,3,0.25000,4,29.43000
0.90000,563.50000,318.50000,122.50000,7.00000,5,0.40000,1,40.99000
0.64000,784.00000,343.00000,220.50000,3.50000,2,0.40000,1,22.72000
0.98000,514.50000,294.00000,110.25000,7.00000,4,0.10000,1,26.44000
0.90000,563.50000,318.50000,122.50000,7.00000,3,0.10000,2,29.44000
0.66000,759.50000,318.50000,220.50000,3.50000,2,0.40000,4,17.86000
0.74000,686.00000,245.00000,220.50000,3.50000,4,0.40000,2,16.99000
0.69000,735.00000,294.00000,220.50000,3.50000,5,0.40000,3,17.02000
0.71000,710.50000,269.50000,220.50000,3.50000,5,0.00000,0,11.67000
0.76000,661.50000,416.50000,122.50000,7.00000,2,0.25000,3,36.07000
0.82000,612.50000,318.50000,147.00000,7.00000,2,0.40000,1,31.71000
0.76000,661.50000,416.50000,122.50000,7.00000,5,0.25000,4,37.51000
0.62000,808.50000,367.50000,220.50000,3.50000,2,0.10000,4,14.37000
0.74000,686.00000,245.00000,220.50000,3.50000,4,0.25000,1,15.28000
0.62000,808.50000,367.50000,220.50000,3.50000,2,0.00000,0,12.07000
0.90000,563.50000,318.50000,122.50000,7.00000,5,0.40000,5,37.27000
0.79000,637.00000,343.00000,147.00000,7.00000,5,0.40000,1,46.94000
0.71000,710.50000,269.50000,220.50000,3.50000,4,0.25000,2,14.94000
0.79000,637.00000,343.00000,147.00000,7.00000,4,0.10000,4,41.86000
0.86000,588.00000,294.00000,147.00000,7.00000,5,0.40000,4,31.00000
0.79000,637.00000,343.00000,147.00000,7.00000,3,0.40000,2,39.41000
0.64000,784.00000,343.00000,220.50000,3.50000,2,0.10000,5,19.24000
0.66000,759.50000,318.50000,220.50000,3.50000,3,0.10000,2,14.75000
0.62000,808.50000,367.50000,220.50000,3.50000,2,0.40000,5,16.88000
0.74000,686.00000,245.00000,220.50000,3.50000,2,0.40000,3,16.08000
0.86000,588.00000,294.00000,147.00000,7.00000,3,0.10000,1,25.60000
0.69000,735.00000,294.00000,220.50000,3.50000,3,0.40000,3,15.84000
0.66000,759.50000,318.50000,220.50000,3.50000,4,0.10000,5,14.65000
0.71000,710.50000,269.50000,220.50000,3.50000,2,0.40000,4,16.85000
0.74000,686.00000,245.00000,220.50000,3.50000,2,0.10000,3,13.60000
0.79000,637.00000,343.00000,147.00000,7.00000,3,0.40000,4,47.59000
0.64000,784.00000,343.00000,220.50000,3.50000,4,0.10000,1,19.34000
0.98000,514.50000,294.00000,110.25000,7.00000,5,0.40000,4,33.88000
0.71000,710.50000,269.50000,220.50000,3.50000,4,0.40000,1,17.12000
0.74000,686.00000,245.00000,220.50000,3.50000,4,0.10000,1,13.48000
0.62000,808.50000,367.50000,220.50000,3.50000,2,0.40000,4,17.10000
0.64000,784.00000,343.00000,220.50000,3.50000,3,0.10000,2,19.34000
0.71000,710.50000,269.50000,220.50000,3.50000,2,0.25000,1,15.42000
0.76000,661.50000,416.50000,122.50000,7.00000,5,0.40000,2,39.70000
0.76000,661.50000,416.50000,122.50000,7.00000,5,0.25000,3,37.29000
0.90000,563.50000,318.50000,122.50000,7.00000,4,0.10000,5,34.45000
0.98000,514.50000,294.00000,110.25000,7.00000,2,0.40000,2,32.96000
0.62000,808.50000,367.50000,220.50000,3.50000,4,0.25000,2,15.14000
0.71000,710.50000,269.50000,220.50000,3.50000,3,0.40000,3,15.47000
0.76000,661.50000,416.50000,122.50000,7.00000,3,0.10000,1,34.07000
0.82000,612.50000,318.50000,147.00000,7.00000,3,0.40000,2,27.93000
0.66000,759.50000,318.50000,220.50000,3.50000,2,0.40000,1,18.14000
0.82000,612.50000,318.50000,147.00000,7.00000,4,0.00000,0,21.16000
0.66000,759.50000,318.50000,220.50000,3.50000,4,0.40000,2,18.36000
0.66000,759.50000,318.50000,220.50000,3.50000,4,0.25000,4,16.17000
0.76000,661.50000,416.50000,122.50000,7.00000,3,0.25000,3,36.44000
0.74000,686.00000,245.00000,220.50000,3.50000,2,0.40000,5,16.69000
0.74000,686.00000,245.00000,220.50000,3.50000,5,0.25000,4,15.35000
0.82000,612.50000,318.50000,147.00000,7.00000,4,0.25000,5,29.31000
0.76000,661.50000,416.50000,122.50000,7.00000,4,0.10000,3,34.48000
0.79000,637.00000,343.00000,147.00000,7.00000,5,0.25000,2,45.97000
0.64000,784.00000,343.00000,220.50000,3.50000,4,0.40000,3,21.54000
0.66000,759.50000,318.50000,220.50000,3.50000,3,0.25000,1,16.27000
0.82000,612.50000,318.50000,147.00000,7.00000,5,0.10000,3,24.93000
0.71000,710.50000,269.50000,220.50000,3.50000,4,0.40000,2,17.27000
0.66000,759.50000,318.50000,220.50000,3.50000,5,0.00000,0,12.14000
0.69000,735.00000,294.00000,220.50000,3.50000,4,0.10000,3,14.67000
0.98000,514.50000,294.00000,110.25000,7.00000,5,0.10000,5,26.18000
0.79000,637.00000,343.00000,147.00000,7.00000,4,0.25000,2,36.77000
0.79000,637.00000,343.00000,147.00000,7.00000,3,0.25000,2,37.41000
0.64000,784.00000,343.00000,220.50000,3.50000,5,0.40000,3,21.53000
0.82000,612.50000,318.50000,147.00000,7.00000,2,0.25000,2,28.27000
0.69000,735.00000,294.00000,220.50000,3.50000,5,0.10000,3,14.40000
0.66000,759.50000,318.50000,220.50000,3.50000,3,0.25000,4,15.59000
0.69000,735.00000,294.00000,220.50000,3.50000,3,0.40000,5,15.87000
0.66000,759.50000,318.50000,220.50000,3.50000,2,0.25000,1,16.39000
0.64000,784.00000,343.00000,220.50000,3.50000,5,0.40000,2,21.93000
0.64000,784.00000,343.00000,220.50000,3.50000,2,0.00000,0,16.78000
0.98000,514.50000,294.00000,110.25000,7.00000,4,0.25000,5,30.00000
0.64000,784.00000,343.00000,220.50000,3.50000,4,0.25000,2,20.48000
0.86000,588.00000,294.00000,147.00000,7.00000,2,0.40000,1,35.99000
0.74000,686.00000,245.00000,220.50000,3.50000,3,0.25000,2,15.10000
0.71000,710.50000,269.50000,220.50000,3.50000,4,0.00000,0,11.29000
0.69000,735.00000,294.00000,220.50000,3.50000,3,0.25000,5,14.97000
0.66000,759.50000,318.50000,220.50000,3.50000,4,0.10000,1,13.88000
0.82000,612.50000,318.50000,147.00000,7.00000,2,0.40000,3,32.43000
0.69000,735.00000,294.00000,220.50000,3.50000,2,0.40000,1,16.50000
0.62000,808.50000,367.50000,220.50000,3.50000,5,0.10000,1,14.27000
0.69000,735.00000,294.00000,220.50000,3.50000,3,0.10000,4,14.49000
0.79000,637.00000,343.00000,147.00000,7.00000,2,0.40000,4,38.33000
0.66000,759.50000,318.50000,220.50000,3.50000,4,0.40000,1,18.14000
0.71000,710.50000,269.50000,220.50000,3.50000,2,0.10000,4,13.67000
0.82000,612.50000,318.50000,147.00000,7.00000,2,0.25000,1,30.17000
0.90000,563.50000,318.50000,122.50000,7.00000,4,0.10000,2,29.36000
0.66000,759.50000,318.50000,220.50000,3.50000,4,0.25000,2,16.22000
0.82000,612.50000,318.50000,147.00000,7.00000,3,0.00000,0,21.46000
0.90000,563.50000,318.50000,122.50000,7.00000,2,0.10000,2,32.54000
0.98000,514.50000,294.00000,110.25000,7.00000,4,0.10000,3,25.84000
0.66000,759.50000,318.50000,220.50000,3.50000,2,0.40000,2,17.85000
0.66000,759.50000,318.50000,220.50000,3.50000,3,0.10000,1,13.72000
0.74000,686.00000,245.00000,220.50000,3.50000,4,0.40000,1,17.03000
0.86000,588.00000,294.00000,147.00000,7.00000,3,0.40000,3,34.70000
0.98000,514.50000,294.00000,110.25000,7.00000,3,0.40000,5,33.23000
0.62000,808.50000,367.50000,220.50000,3.50000,5,0.10000,2,14.24000
0.90000,563.50000,318.50000,122.50000,7.00000,2,0.40000,5,33.94000
0.76000,661.50000,416.50000,122.50000,7.00000,4,0.10000,5,33.64000
0.86000,588.00000,294.00000,147.00000,7.00000,2,0.40000,4,31.53000
0.62000,808.50000,367.50000,220.50000,3.50000,4,0.10000,1,14.33000
0.66000,759.50000,318.50000,220.50000,3.50000,5,0.40000,5,18.06000
0.76000,661.50000,416.50000,122.50000,7.00000,4,0.40000,3,39.66000
0.86000,588.00000,294.00000,147.00000,7.00000,4,0.10000,2,27.36000
0.66000,759.50000,318.50000,220.50000,3.50000,2,0.00000,0,12.40000
0.90000,563.50000,318.50000,122.50000,7.00000,4,0.25000,5,37.19000
0.71000,710.50000,269.50000,220.50000,3.50000,2,0.40000,2,16.77000
0.71000,710.50000,269.50000,220.50000,3.50000,4,0.40000,3,16.70000
0.79000,637.00000,343.00000,147.00000,7.00000,4,0.25000,3,37.76000
0.74000,686.00000,245.00000,220.50000,3.50000,5,0.10000,4,13.53000
0.71000,710.50000,269.50000,220.50000,3.50000,5,0.40000,4,17.74000
0.66000,759.50000,318.50000,220.50000,3.50000,2,0.25000,5,15.83000
0.76000,661.50000,416.50000,122.50000,7.00000,5,0.25000,1,36.62000
0.86000,588.00000,294.00000,147.00000,7.00000,4,0.40000,2,32.28000
0.79000,637.00000,343.00000,147.00000,7.00000,2,0.10000,4,34.25000
0.71000,710.50000,269.50000,220.50000,3.50000,5,0.25000,4,15.64000
0.98000,514.50000,294.00000,110.25000,7.00000,3,0.25000,1,29.79000
0.69000,735.00000,294.00000,220.50000,3.50000,4,0.10000,1,14.30000
0.66000,759.50000,318.50000,220.50000,3.50000,5,0.40000,1,17.95000
0.64000,784.00000,343.00000,220.50000,3.50000,2,0.40000,2,21.72000
0.82000,612.50000,318.50000,147.00000,7.00000,2,0.25000,4,26.30000
0.64000,784.00000,343.00000,220.50000,3.50000,2,0.40000,5,20.82000
0.76000,661.50000,416.50000,122.50000,7.00000,2,0.10000,1,33.87000
0.64000,784.00000,343.00000,220.50000,3.50000,5,0.40000,5,21.40000
0.98000,514.50000,294.00000,110.25000,7.00000,4,0.00000,0,21.33000
0.98000,514.50000,294.00000,110.25000,7.00000,3,0.10000,1,26.37000
0.62000,808.50000,367.50000,220.50000,3.50000,5,0.40000,2,16.99000
0.71000,710.50000,269.50000,220.50000,3.50000,3,0.25000,1,15.85000
0.76000,661.50000,416.50000,122.50000,7.00000,4,0.25000,4,37.05000
0.74000,686.00000,245.00000,220.50000,3.50000,5,0.25000,1,15.50000
0.71000,710.50000,269.50000,220.50000,3.50000,4,0.40000,4,17.23000
0.90000,563.50000,318.50000,122.50000,7.00000,3,0.40000,2,35.39000
0.82000,612.50000,318.50000,147.00000,7.00000,3,0.10000,2,25.02000
0.86000,588.00000,294.00000,147.00000,7.00000,2,0.10000,3,31.73000
0.74000,686.00000,245.00000,220.50000,3.50000,2,0.40000,1,16.94000
0.79000,637.00000,343.00000,147.00000,7.00000,3,0.25000,1,37.81000
0.98000,514.50000,294.00000,110.25000,7.00000,2,0.00000,0,21.33000
0.86000,588.00000,294.00000,147.00000,7.00000,2,0.10000,4,27.17000
0.98000,514.50000,294.00000,110.25000,7.00000,4,0.10000,4,26.18000
0.64000,784.00000,343.00000,220.50000,3.50000,5,0.25000,2,20.43000
0.90000,563.50000,318.50000,122.50000,7.00000,5,0.10000,4,29.92000
0.66000,759.50000,318.50000,220.50000,3.50000,5,0.10000,3,13.83000
0.64000,784.00000,343.00000,220.50000,3.50000,5,0.40000,4,22.49000
0.71000,710.50000,269.50000,220.50000,3.50000,3,0.10000,5,13.75000
0.79000,637.00000,343.00000,147.00000,7.00000,2,0.40000,2,45.59000
0.69000,735.00000,294.00000,220.50000,3.50000,3,0.25000,3,14.38000
0.98000,514.50000,294.00000,110.25000,7.00000,5,0.40000,3,34.00000
0.76000,661.50000,416.50000,122.50000,7.00000,5,0.10000,1,33.67000
0.64000,784.00000,343.00000,220.50000,3.50000,5,0.25000,1,21.08000
0.86000,588.00000,294.00000,147.00000,7.00000,5,0.25000,2,34.52000
0.64000,784.00000,343.00000,220.50000,3.50000,3,0.40000,4,21.54000
0.90000,563.50000,318.50000,122.50000,7.00000,5,0.10000,1,34.33000
0.69000,735.00000,294.00000,220.50000,3.50000,2,0.10000,5,14.55000
0.64000,784.00000,343.00000,220.50000,3.50000,3,0.10000,3,19.18000
0.64000,784.00000,343.00000,220.50000,3.50000,3,0.25000,5,20.01000
0.86000,588.00000,294.00000,147.00000,7.00000,3,0.25000,2,27.89000
0.64000,784.00000,343.00000,220.50000,3.50000,3,0.10000,5,19.18000
0.86000,588.00000,294.00000,147.00000,7.00000,2,0.40000,2,35.48000
0.71000,710.50000,269.50000,220.50000,3.50000,5,0.40000,1,17.47000
0.64000,784.00000,343.00000,220.50000,3.50000,4,0.40000,2,22.09000
0.79000,637.00000,343.00000,147.00000,7.00000,5,0.40000,2,48.03000
0.71000,710.50000,269.50000,220.50000,3.50000,4,0.25000,5,15.23000
0.86000,588.00000,294.00000,147.00000,7.00000,2,0.10000,1,30.89000
0.71000,710.50000,269.50000,220.50000,3.50000,5,0.10000,5,13.89000
0.64000,784.00000,343.00000,220.50000,3.50000,3,0.10000,1,19.43000
0.82000,612.50000,318.50000,147.00000,7.00000,5,0.25000,1,31.39000
0.86000,588.00000,294.00000,147.00000,7.00000,5,0.10000,2,31.90000
0.98000,514.50000,294.00000,110.25000,7.00000,5,0.25000,4,30.12000
0.62000,808.50000,367.50000,220.50000,3.50000,2,0.25000,3,14.89000
0.66000,759.50000,318.50000,220.50000,3.50000,5,0.10000,5,14.87000
0.66000,759.50000,318.50000,220.50000,3.50000,4,0.10000,3,13.59000
0.76000,661.50000,416.50000,122.50000,7.00000,2,0.25000,2,36.87000
0.86000,588.00000,294.00000,147.00000,7.00000,5,0.00000,0,27.87000
0.98000,514.50000,294.00000,110.25000,7.00000,4,0.40000,3,33.86000
0.71000,710.50000,269.50000,220.50000,3.50000,5,0.40000,2,17.51000
0.82000,612.50000,318.50000,147.00000,7.00000,3,0.25000,2,26.96000
0.74000,686.00000,245.00000,220.50000,3.50000,2,0.40000,4,16.61000
0.62000,808.50000,367.50000,220.50000,3.50000,4,0.25000,4,15.07000
0.71000,710.50000,269.50000,220.50000,3.50000,5,0.25000,3,14.94000
0.90000,563.50000,318.50000,122.50000,7.00000,2,0.25000,5,32.25000
0.64000,784.00000,343.00000,220.50000,3.50000,5,0.25000,5,20.29000
0.66000,759.50000,318.50000,220.50000,3.50000,3,0.40000,5,17.79000
0.98000,514.50000,294.00000,110.25000,7.00000,4,0.10000,5,25.88000
0.62000,808.50000,367.50000,220.50000,3.50000,5,0.40000,4,16.79000
0.62000,808.50000,367.50000,220.50000,3.50000,3,0.10000,5,13.97000
0.64000,784.00000,343.00000,220.50000,3.50000,5,0.10000,1,19.32000
0.82000,612.50000,318.50000,147.00000,7.00000,3,0.10000,4,28.61000
0.90000,563.50000,318.50000,122.50000,7.00000,4,0.25000,2,32.77000
0.90000,563.50000,318.50000,122.50000,7.00000,2,0.40000,2,38.35000
0.66000,759.50000,318.50000,220.50000,3.50000,5,0.40000,3,18.22000
0.62000,808.50000,367.50000,220.50000,3.50000,5,0.10000,3,13.89000
0.98000,514.50000,294.00000,110.25000,7.00000,2,0.10000,4,25.91000
0.62000,808.50000,367.50000,220.50000,3.50000,5,0.40000,1,17.20000
0.98000,514.50000,294.00000,110.25000,7.00000,2,0.40000,5,32.88000
0.69000,735.00000,294.00000,220.50000,3.50000,5,0.10000,5,14.39000
0.74000,686.00000,245.00000,220.50000,3.50000,3,0.40000,5,16.62000
0.82000,612.50000,318.50000,147.00000,7.00000,4,0.10000,2,24.80000
0.76000,661.50000,416.50000,122.50000,7.00000,2,0.40000,4,40.36000
0.71000,710.50000,269.50000,220.50000,3.50000,3,0.25000,3,14.74000
0.82000,612.50000,318.50000,147.00000,7.00000,2,0.10000,5,25.11000
0.76000,661.50000,416.50000,122.50000,7.00000,4,0.25000,1,37.45000
0.71000,710.50000,269.50000,220.50000,3.50000,5,0.10000,1,14.27000
0.69000,735.00000,294.00000,220.50000,3.50000,4,0.25000,5,15.22000
0.64000,784.00000,343.00000,220.50000,3.50000,2,0.10000,2,19.23000
0.66000,759.50000,318.50000,220.50000,3.50000,2,0.10000,1,13.90000
0.66000,759.50000,318.50000,220.50000,3.50000,2,0.10000,5,14.54000
0.79000,637.00000,343.00000,147.00000,7.00000,3,0.10000,4,43.30000
0.66000,759.50000,318.50000,220.50000,3.50000,3,0.25000,5,16.03000
0.71000,710.50000,269.50000,220.50000,3.50000,2,0.00000,0,11.27000
0.90000,563.50000,318.50000,122.50000,7.00000,3,0.25000,1,33.17000
0.74000,686.00000,245.00000,220.50000,3.50000,4,0.10000,4,13.21000
0.62000,808.50000,367.50000,220.50000,3.50000,3,0.10000,2,14.57000
0.69000,735.00000,294.00000,220.50000,3.50000,4,0.40000,1,16.87000
0.82000,612.50000,318.50000,147.00000,7.00000,2,0.40000,4,28.20000
0.76000,661.50000,416.50000,122.50000,7.00000,4,0.10000,4,33.89000
0.71000,710.50000,269.50000,220.50000,3.50000,2,0.40000,3,16.11000
0.90000,563.50000,318.50000,122.50000,7.00000,2,0.25000,3,36.35000
0.90000,563.50000,318.50000,122.50000,7.00000,4,0.25000,1,32.71000
0.64000,784.00000,343.00000,220.50000,3.50000,2,0.25000,4,19.65000
0.90000,563.50000,318.50000,122.50000,7.00000,3,0.25000,4,37.12000
0.98000,514.50000,294.00000,110.25000,7.00000,5,0.10000,1,26.29000
0.71000,710.50000,269.50000,220.50000,3.50000,4,0.10000,5,14.26000
0.79000,637.00000,343.00000,147.00000,7.00000,3,0.40000,1,39.07000
0.82000,612.50000,318.50000,147.00000,7.00000,2,0.10000,1,27.31000
0.90000,563.50000,318.50000,122.50000,7.00000,3,0.40000,3,35.04000
0.86000,588.00000,294.00000,147.00000,7.00000,4,0.10000,4,31.06000
0.66000,759.50000,318.50000,220.50000,3.50000,4,0.40000,4,18.36000
0.64000,784.00000,343.00000,220.50000,3.50000,2,0.25000,1,21.13000
0.98000,514.50000,294.00000,110.25000,7.00000,5,0.40000,2,33.78000
0.98000,514.50000,294.00000,110.25000,7.00000,2,0.40000,4,32.95000
0.69000,735.00000,294.00000,220.50000,3.50000,3,0.40000,2,17.01000
0.76000,661.50000,416.50000,122.50000,7.00000,4,0.40000,2,40.47000
0.66000,759.50000,318.50000,220.50000,3.50000,5,0.25000,2,15.87000
0.82000,612.50000,318.50000,147.00000,7.00000,3,0.10000,5,24.77000
0.79000,637.00000,343.00000,147.00000,7.00000,3,0.10000,2,34.62000
0.90000,563.50000,318.50000,122.50000,7.00000,2,0.25000,2,35.56000
0.79000,637.00000,343.00000,147.00000,7.00000,2,0.25000,2,43.86000
0.62000,808.50000,367.50000,220.50000,3.50000,3,0.40000,3,17.14000
0.90000,563.50000,318.50000,122.50000,7.00000,3,0.40000,5,33.14000
0.64000,784.00000,343.00000,220.50000,3.50000,2,0.25000,5,20.13000
0.82000,612.50000,318.50000,147.00000,7.00000,4,0.40000,2,28.95000
0.76000,661.50000,416.50000,122.50000,7.00000,5,0.10000,3,34.50000
0.62000,808.50000,367.50000,220.50000,3.50000,3,0.10000,1,14.50000
0.98000,514.50000,294.00000,110.25000,7.00000,2,0.10000,5,25.64000
0.86000,588.00000,294.00000,147.00000,7.00000,5,0.40000,3,31.60000
0.69000,735.00000,294.00000,220.50000,3.50000,5,0.25000,1,15.78000
0.98000,514.50000,294.00000,110.25000,7.00000,2,0.10000,1,26.47000
0.69000,735.00000,294.00000,220.50000,3.50000,5,0.40000,1,17.20000
0.66000,759.50000,318.50000,220.50000,3.50000,5,0.10000,2,14.74000
0.82000,612.50000,318.50000,147.00000,7.00000,4,0.10000,3,25.35000
0.74000,686.00000,245.00000,220.50000,3.50000,4,0.40000,5,16.94000
0.82000,612.50000,318.50000,147.00000,7.00000,3,0.10000,3,27.54000
0.74000,686.00000,245.00000,220.50000,3.50000,3,0.10000,3,13.36000
0.74000,686.00000,245.00000,220.50000,3.50000,5,0.40000,3,16.60000
0.98000,514.50000,294.00000,110.25000,7.00000,4,0.25000,3,30.10000
0.90000,563.50000,318.50000,122.50000,7.00000,2,0.10000,3,34.14000
0.74000,686.00000,245.00000,220.50000,3.50000,2,0.10000,4,13.20000
0.66000,759.50000,318.50000,220.50000,3.50000,5,0.40000,2,18.15000
0.86000,588.00000,294.00000,147.00000,7.00000,5,0.10000,3,27.40000
0.79000,637.00000,343.00000,147.00000,7.00000,2,0.40000,5,38.56000
0.82000,612.50000,318.50000,147.00000,7.00000,5,0.40000,2,32.92000
0.76000,661.50000,416.50000,122.50000,7.00000,4,0.00000,0,29.79000
0.98000,514.50000,294.00000,110.25000,7.00000,3,0.00000,0,21.33000
0.64000,784.00000,343.00000,220.50000,3.50000,2,0.40000,3,20.78000
0.98000,514.50000,294.00000,110.25000,7.00000,5,0.25000,1,29.49000
0.74000,686.00000,245.00000,220.50000,3.50000,4,0.40000,3,16.57000
0.66000,759.50000,318.50000,220.50000,3.50000,3,0.00000,0,12.23000
0.79000,637.00000,343.00000,147.00000,7.00000,4,0.40000,1,38.35000
0.82000,612.50000,318.50000,147.00000,7.00000,4,0.25000,3,26.95000
0.74000,686.00000,245.00000,220.50000,3.50000,3,0.10000,5,13.44000
0.69000,735.00000,294.00000,220.50000,3.50000,4,0.25000,4,15.83000
0.82000,612.50000,318.50000,147.00000,7.00000,4,0.10000,5,28.88000
0.86000,588.00000,294.00000,147.00000,7.00000,2,0.10000,5,25.82000
0.79000,637.00000,343.00000,147.00000,7.00000,5,0.10000,3,34.29000
0.76000,661.50000,416.50000,122.50000,7.00000,4,0.25000,2,37.28000
0.71000,710.50000,269.50000,220.50000,3.50000,5,0.10000,3,13.87000
0.86000,588.00000,294.00000,147.00000,7.00000,3,0.10000,5,27.33000
0.74000,686.00000,245.00000,220.50000,3.50000,3,0.25000,1,15.50000
0.90000,563.50000,318.50000,122.50000,7.00000,2,0.40000,3,37.26000
0.69000,735.00000,294.00000,220.50000,3.50000,5,0.10000,4,14.73000
0.69000,735.00000,294.00000,220.50000,3.50000,2,0.25000,5,15.14000
0.98000,514.50000,294.00000,110.25000,7.00000,5,0.40000,5,34.01000
0.90000,563.50000,318.50000,122.50000,7.00000,3,0.10000,5,29.52000
0.71000,710.50000,269.50000,220.50000,3.50000,2,0.40000,1,17.10000
0.62000,808.50000,367.50000,220.50000,3.50000,5,0.25000,5,14.75000
0.66000,759.50000,318.50000,220.50000,3.50000,3,0.40000,4,17.82000
0.62000,808.50000,367.50000,220.50000,3.50000,2,0.25000,5,15.19000
0.66000,759.50000,318.50000,220.50000,3.50000,3,0.40000,2,17.89000
0.76000,661.50000,416.50000,122.50000,7.00000,2,0.40000,5,39.37000
0.69000,735.00000,294.00000,220.50000,3.50000,5,0.25000,2,15.99000
0.76000,661.50000,416.50000,122.50000,7.00000,3,0.25000,4,36.76000
0.98000,514.50000,294.00000,110.25000,7.00000,3,0.40000,4,33.06000
0.82000,612.50000,318.50000,147.00000,7.00000,2,0.10000,4,24.61000
0.76000,661.50000,416.50000,122.50000,7.00000,5,0.25000,5,36.15000
0.90000,563.50000,318.50000,122.50000,7.00000,5,0.25000,4,33.16000
0.71000,710.50000,269.50000,220.50000,3.50000,4,0.10000,1,13.87000
0.71000,710.50000,269.50000,220.50000,3.50000,3,0.10000,4,14.12000
0.86000,588.00000,294.00000,147.00000,7.00000,4,0.25000,3,28.38000
0.74000,686.00000,245.00000,220.50000,3.50000,3,0.10000,4,13.36000
0.82000,612.50000,318.50000,147.00000,7.00000,4,0.40000,3,29.77000
0.66000,759.50000,318.50000,220.50000,3.50000,4,0.25000,1,16.39000
0.82000,612.50000,318.50000,147.00000,7.00000,3,0.40000,4,32.35000
0.71000,710.50000,269.50000,220.50000,3.50000,3,0.25000,4,15.09000
0.79000,637.00000,343.00000,147.00000,7.00000,2,0.25000,3,45.13000
0.98000,514.50000,294.00000,110.25000,7.00000,4,0.40000,5,33.76000
0.69000,735.00000,294.00000,220.50000,3.50000,4,0.40000,2,17.23000
0.62000,808.50000,367.50000,220.50000,3.50000,4,0.10000,5,13.99000
0.90000,563.50000,318.50000,122.50000,7.00000,4,0.10000,3,30.08000
0.66000,759.50000,318.50000,220.50000,3.50000,4,0.40000,3,18.10000
0.62000,808.50000,367.50000,220.50000,3.50000,3,0.25000,3,14.96000
0.79000,637.00000,343.00000,147.00000,7.00000,4,0.40000,4,46.23000
0.79000,637.00000,343.00000,147.00000,7.00000,5,0.25000,1,45.52000
0.66000,759.50000,318.50000,220.50000,3.50000,5,0.25000,4,16.14000
0.74000,686.00000,245.00000,220.50000,3.50000,5,0.40000,5,16.70000
0.62000,808.50000,367.50000,220.50000,3.50000,4,0.40000,4,16.58000
0.74000,686.00000,245.00000,220.50000,3.50000,5,0.40000,2,17.03000
0.71000,710.50000,269.50000,220.50000,3.50000,3,0.00000,0,11.72000
0.90000,563.50000,318.50000,122.50000,7.00000,3,0.25000,3,35.10000
0.86000,588.00000,294.00000,147.00000,7.00000,2,0.40000,5,29.69000
0.62000,808.50000,367.50000,220.50000,3.50000,4,0.10000,3,14.14000
0.69000,735.00000,294.00000,220.50000,3.50000,2,0.10000,4,14.29000
0.79000,637.00000,343.00000,147.00000,7.00000,2,0.40000,1,45.29000
0.98000,514.50000,294.00000,110.25000,7.00000,4,0.40000,2,33.94000
0.69000,735.00000,294.00000,220.50000,3.50000,2,0.25000,1,15.21000
0.86000,588.00000,294.00000,147.00000,7.00000,3,0.25000,1,28.61000
0.71000,710.50000,269.50000,220.50000,3.50000,3,0.25000,5,14.71000
0.74000,686.00000,245.00000,220.50000,3.50000,5,0.10000,1,13.70000
0.76000,661.50000,416.50000,122.50000,7.00000,3,0.40000,4,39.67000
0.82000,612.50000,318.50000,147.00000,7.00000,3,0.25000,5,26.08000
0.69000,735.00000,294.00000,220.50000,3.50000,3,0.10000,2,13.54000
0.90000,563.50000,318.50000,122.50000,7.00000,4,0.10000,4,32.83000
0.66000,759.50000,318.50000,220.50000,3.50000,3,0.40000,1,18.03000
0.79000,637.00000,343.00000,147.00000,7.00000,2,0.40000,3,46.44000
0.76000,661.50000,416.50000,122.50000,7.00000,5,0.40000,5,38.18000
0.66000,759.50000,318.50000,220.50000,3.50000,4,0.10000,4,15.00000
0.64000,784.00000,343.00000,220.50000,3.50000,4,0.40000,4,22.25000
0.66000,759.50000,318.50000,220.50000,3.50000,4,0.10000,2,15.00000
0.98000,514.50000,294.00000,110.25000,7.00000,3,0.40000,1,33.34000
0.90000,563.50000,318.50000,122.50000,7.00000,4,0.40000,2,34.94000
0.79000,637.00000,343.00000,147.00000,7.00000,2,0.10000,1,41.68000
0.79000,637.00000,343.00000,147.00000,7.00000,5,0.10000,1,43.33000
0.74000,686.00000,245.00000,220.50000,3.50000,2,0.10000,5,13.65000
0.76000,661.50000,416.50000,122.50000,7.00000,4,0.10000,2,34.17000
0.86000,588.00000,294.00000,147.00000,7.00000,4,0.00000,0,23.49000
0.69000,735.00000,294.00000,220.50000,3.50000,2,0.10000,3,14.44000
0.98000,514.50000,294.00000,110.25000,7.00000,2,0.10000,3,25.68000
0.64000,784.00000,343.00000,220.50000,3.50000,4,0.10000,3,19.37000
0.62000,808.50000,367.50000,220.50000,3.50000,5,0.10000,4,14.47000
0.82000,612.50000,318.50000,147.00000,7.00000,5,0.10000,4,25.16000
0.76000,661.50000,416.50000,122.50000,7.00000,5,0.25000,2,36.81000
0.62000,808.50000,367.50000,220.50000,3.50000,3,0.40000,5,17.11000
0.86000,588.00000,294.00000,147.00000,7.00000,2,0.25000,1,33.98000
0.69000,735.00000,294.00000,220.50000,3.50000,2,0.25000,3,14.92000
0.79000,637.00000,343.00000,147.00000,7.00000,3,0.10000,1,35.28000
0.76000,661.50000,416.50000,122.50000,7.00000,2,0.25000,1,36.85000
0.64000,784.00000,343.00000,220.50000,3.50000,4,0.25000,3,20.46000
0.79000,637.00000,343.00000,147.00000,7.00000,5,0.25000,3,36.87000
0.62000,808.50000,367.50000,220.50000,3.50000,4,0.40000,1,17.15000
0.90000,563.50000,318.50000,122.50000,7.00000,5,0.10000,3,29.67000
0.76000,661.50000,416.50000,122.50000,7.00000,4,0.40000,4,39.85000
0.82000,612.50000,318.50000,147.00000,7.00000,3,0.10000,1,24.91000
0.76000,661.50000,416.50000,122.50000,7.00000,2,0.40000,1,39.55000
0.90000,563.50000,318.50000,122.50000,7.00000,4,0.40000,3,33.82000
0.86000,588.00000,294.00000,147.00000,7.00000,3,0.25000,3,32.93000
0.98000,514.50000,294.00000,110.25000,7.00000,2,0.25000,5,29.53000
0.82000,612.50000,318.50000,147.00000,7.00000,4,0.40000,4,31.14000
0.64000,784.00000,343.00000,220.50000,3.50000,4,0.10000,2,19.32000
0.86000,588.00000,294.00000,147.00000,7.00000,4,0.25000,4,33.93000
0.74000,686.00000,245.00000,220.50000,3.50000,2,0.25000,4,14.92000
0.66000,759.50000,318.50000,220.50000,3.50000,2,0.40000,5,17.64000
0.74000,686.00000,245.00000,220.50000,3.50000,3,0.25000,3,13.79000
0.64000,784.00000,343.00000,220.50000,3.50000,3,0.40000,5,20.21000
0.74000,686.00000,245.00000,220.50000,3.50000,5,0.25000,5,14.03000
0.98000,514.50000,294.00000,110.25000,7.00000,5,0.10000,4,25.87000
0.90000,563.50000,318.50000,122.50000,7.00000,3,0.10000,4,33.91000
0.62000,808.50000,367.50000,220.50000,3.50000,2,0.40000,2,17.36000
0.76000,661.50000,416.50000,122.50000,7.00000,3,0.10000,5,34.35000
0.82000,612.50000,318.50000,147.00000,7.00000,4,0.10000,1,24.61000
0.90000,563.50000,318.50000,122.50000,7.00000,4,0.10000,1,29.58000
0.69000,735.00000,294.00000,220.50000,3.50000,5,0.25000,3,15.17000
0.79000,637.00000,343.00000,147.00000,7.00000,5,0.10000,4,35.29000
0.69000,735.00000,294.00000,220.50000,3.50000,4,0.40000,4,16.90000
0.74000,686.00000,245.00000,220.50000,3.50000,3,0.00000,0,11.19000
0.98000,514.50000,294.00000,110.25000,7.00000,3,0.10000,3,26.02000
0.71000,710.50000,269.50000,220.50000,3.50000,5,0.10000,2,14.21000
0.82000,612.50000,318.50000,147.00000,7.00000,2,0.10000,2,27.38000
0.76000,661.50000,416.50000,122.50000,7.00000,2,0.10000,4,34.11000
0.90000,563.50000,318.50000,122.50000,7.00000,2,0.25000,1,36.12000
0.86000,588.00000,294.00000,147.00000,7.00000,5,0.10000,4,25.81000
0.71000,710.50000,269.50000,220.50000,3.50000,3,0.10000,1,14.28000
0.64000,784.00000,343.00000,220.50000,3.50000,2,0.10000,4,19.24000
0.98000,514.50000,294.00000,110.25000,7.00000,5,0.10000,2,25.89000
0.62000,808.50000,367.50000,220.50000,3.50000,2,0.10000,3,14.09000
0.98000,514.50000,294.00000,110.25000,7.00000,5,0.25000,2,30.02000
0.64000,784.00000,343.00000,220.50000,3.50000,4,0.40000,1,22.72000
0.76000,661.50000,416.50000,122.50000,7.00000,5,0.40000,1,39.48000
0.76000,661.50000,416.50000,122.50000,7.00000,4,0.40000,1,40.63000
0.86000,588.00000,294.00000,147.00000,7.00000,5,0.40000,2,36.86000
0.82000,612.50000,318.50000,147.00000,7.00000,5,0.40000,1,33.54000
0.69000,735.00000,294.00000,220.50000,3.50000,2,0.25000,2,15.52000
0.66000,759.50000,318.50000,220.50000,3.50000,2,0.25000,3,15.53000
0.71000,710.50000,269.50000,220.50000,3.50000,2,0.10000,3,14.14000
0.82000,612.50000,318.50000,147.00000,7.00000,5,0.40000,4,28.43000
0.76000,661.50000,416.50000,122.50000,7.00000,2,0.25000,5,36.93000
0.76000,661.50000,416.50000,122.50000,7.00000,3,0.25000,1,37.58000
0.62000,808.50000,367.50000,220.50000,3.50000,5,0.10000,5,14.15000
0.62000,808.50000,367.50000,220.50000,3.50000,2,0.25000,4,15.41000
0.82000,612.50000,318.50000,147.00000,7.00000,2,0.40000,2,30.34000
0.79000,637.00000,343.00000,147.00000,7.00000,5,0.10000,2,42.86000
0.90000,563.50000,318.50000,122.50000,7.00000,2,0.10000,1,32.92000
0.62000,808.50000,367.50000,220.50000,3.50000,4,0.25000,3,14.89000
0.66000,759.50000,318.50000,220.50000,3.50000,2,0.25000,4,15.95000
0.64000,784.00000,343.00000,220.50000,3.50000,2,0.25000,3,19.87000
0.82000,612.50000,318.50000,147.00000,7.00000,5,0.25000,2,29.88000
0.90000,563.50000,318.50000,122.50000,7.00000,5,0.40000,4,36.10000
0.74000,686.00000,245.00000,220.50000,3.50000,5,0.00000,0,11.17000
0.64000,784.00000,343.00000,220.50000,3.50000,4,0.25000,5,20.19000
0.74000,686.00000,245.00000,220.50000,3.50000,4,0.40000,4,16.90000
0.69000,735.00000,294.00000,220.50000,3.50000,2,0.10000,2,13.20000
0.71000,710.50000,269.50000,220.50000,3.50000,3,0.40000,1,17.51000
0.76000,661.50000,416.50000,122.50000,7.00000,3,0.40000,2,40.40000
0.69000,735.00000,294.00000,220.50000,3.50000,4,0.25000,1,15.48000
0.66000,759.50000,318.50000,220.50000,3.50000,4,0.25000,3,16.14000
0.62000,808.50000,367.50000,220.50000,3.50000,4,0.40000,3,16.56000
0.62000,808.50000,367.50000,220.50000,3.50000,4,0.25000,1,15.77000
0.79000,637.00000,343.00000,147.00000,7.00000,4,0.40000,3,38.81000
0.69000,735.00000,294.00000,220.50000,3.50000,5,0.40000,2,17.22000
0.62000,808.50000,367.50000,220.50000,3.50000,3,0.25000,2,15.64000
0.90000,563.50000,318.50000,122.50000,7.00000,2,0.10000,5,29.82000
0.86000,588.00000,294.00000,147.00000,7.00000,5,0.10000,1,31.73000
0.82000,612.50000,318.50000,147.00000,7.00000,3,0.40000,3,30.65000
0.86000,588.00000,294.00000,147.00000,7.00000,2,0.25000,4,29.45000
0.82000,612.50000,318.50000,147.00000,7.00000,4,0.25000,2,26.72000
0.82000,612.50000,318.50000,147.00000,7.00000,5,0.10000,1,28.51000
0.69000,735.00000,294.00000,220.50000,3.50000,3,0.10000,5,14.28000
0.66000,759.50000,318.50000,220.50000,3.50000,2,0.40000,3,17.04000
0.82000,612.50000,318.50000,147.00000,7.00000,5,0.40000,5,32.54000
0.79000,637.00000,343.00000,147.00000,7.00000,4,0.40000,2,38.84000
0.79000,637.00000,343.00000,147.00000,7.00000,2,0.25000,1,43.80000
0.74000,686.00000,245.00000,220.50000,3.50000,3,0.25000,4,15.24000
0.62000,808.50000,367.50000,220.50000,3.50000,3,0.25000,1,15.95000
0.82000,612.50000,318.50000,147.00000,7.00000,4,0.10000,4,27.57000
0.69000,735.00000,294.00000,220.50000,3.50000,4,0.10000,4,14.42000
0.74000,686.00000,245.00000,220.50000,3.50000,3,0.40000,4,16.74000
0.74000,686.00000,245.00000,220.50000,3.50000,2,0.25000,3,14.49000
0.90000,563.50000,318.50000,122.50000,7.00000,5,0.25000,2,37.72000
0.90000,563.50000,318.50000,122.50000,7.00000,2,0.40000,1,39.28000
0.86000,588.00000,294.00000,147.00000,7.00000,4,0.25000,5,34.15000
0.71000,710.50000,269.50000,220.50000,3.50000,5,0.10000,4,14.20000
0.69000,735.00000,294.00000,220.50000,3.50000,2,0.40000,3,16.35000
0.66000,759.50000,318.50000,220.50000,3.50000,4,0.40000,5,17.55000
0.90000,563.50000,318.50000,122.50000,7.00000,4,0.25000,4,36.16000
0.66000,759.50000,318.50000,220.50000,3.50000,5,0.25000,3,16.26000
0.64000,784.00000,343.00000,220.50000,3.50000,5,0.10000,2,19.30000
0.69000,735.00000,294.00000,220.50000,3.50000,3,0.25000,1,15.63000
0.82000,612.50000,318.50000,147.00000,7.00000,5,0.10000,5,27.69000
0.76000,661.50000,416.50000,122.50000,7.00000,3,0.40000,1,40.85000
0.82000,612.50000,318.50000,147.00000,7.00000,5,0.25000,3,26.41000
0.71000,710.50000,269.50000,220.50000,3.50000,5,0.25000,5,14.97000
0.86000,588.00000,294.00000,147.00000,7.00000,3,0.00000,0,21.97000
0.66000,759.50000,318.50000,220.50000,3.50000,5,0.10000,4,14.83000
0.86000,588.00000,294.00000,147.00000,7.00000,4,0.40000,5,36.26000
0.64000,784.00000,343.00000,220.50000,3.50000,3,0.40000,1,22.73000
0.71000,710.50000,269.50000,220.50000,3.50000,3,0.40000,5,14.58000
0.74000,686.00000,245.00000,220.50000,3.50000,4,0.10000,2,13.57000
0.62000,808.50000,367.50000,220.50000,3.50000,2,0.40000,1,17.20000
0.82000,612.50000,318.50000,147.00000,7.00000,4,0.40000,1,28.99000
0.90000,563.50000,318.50000,122.50000,7.00000,4,0.40000,5,38.79000
0.86000,588.00000,294.00000,147.00000,7.00000,5,0.10000,5,31.28000
0.69000,735.00000,294.00000,220.50000,3.50000,2,0.40000,4,16.81000
0.66000,759.50000,318.50000,220.50000,3.50000,4,0.25000,5,15.80000
0.74000,686.00000,245.00000,220.50000,3.50000,4,0.25000,3,14.72000
0.90000,563.50000,318.50000,122.50000,7.00000,3,0.40000,1,36.38000
0.66000,759.50000,318.50000,220.50000,3.50000,2,0.10000,2,14.86000
0.76000,661.50000,416.50000,122.50000,7.00000,4,0.40000,5,37.79000
0.64000,784.00000,343.00000,220.50000,3.50000,3,0.25000,2,20.56000
0.98000,514.50000,294.00000,110.25000,7.00000,2,0.25000,3,29.43000
0.69000,735.00000,294.00000,220.50000,3.50000,4,0.25000,2,15.66000
0.90000,563.50000,318.50000,122.50000,7.00000,4,0.25000,3,32.83000
0.71000,710.50000,269.50000,220.50000,3.50000,3,0.40000,4,17.20000
0.62000,808.50000,367.50000,220.50000,3.50000,3,0.10000,3,14.23000
0.71000,710.50000,269.50000,220.50000,3.50000,4,0.40000,5,15.33000
0.74000,686.00000,245.00000,220.50000,3.50000,5,0.25000,2,15.44000
0.64000,784.00000,343.00000,220.50000,3.50000,3,0.40000,2,22.07000
0.76000,661.50000,416.50000,122.50000,7.00000,5,0.10000,2,33.78000
0.62000,808.50000,367.50000,220.50000,3.50000,3,0.10000,4,14.34000
0.86000,588.00000,294.00000,147.00000,7.00000,3,0.25000,5,29.43000
0.79000,637.00000,343.00000,147.00000,7.00000,5,0.40000,5,44.87000
0.71000,710.50000,269.50000,220.50000,3.50000,4,0.10000,4,13.79000
0.69000,735.00000,294.00000,220.50000,3.50000,2,0.00000,0,11.74000
0.69000,735.00000,294.00000,220.50000,3.50000,3,0.10000,3,14.27000
0.74000,686.00000,245.00000,220.50000,3.50000,4,0.25000,2,15.18000
0.66000,759.50000,318.50000,220.50000,3.50000,3,0.25000,3,15.80000
0.76000,661.50000,416.50000,122.50000,7.00000,3,0.40000,5,39.80000
0.98000,514.50000,294.00000,110.25000,7.00000,2,0.25000,2,29.62000
0.69000,735.00000,294.00000,220.50000,3.50000,4,0.10000,2,13.32000
0.64000,784.00000,343.00000,220.50000,3.50000,4,0.10000,5,19.26000
0.66000,759.50000,318.50000,220.50000,3.50000,4,0.00000,0,12.40000
0.86000,588.00000,294.00000,147.00000,7.00000,4,0.40000,1,31.70000
0.79000,637.00000,343.00000,147.00000,7.00000,3,0.40000,3,44.18000
0.79000,637.00000,343.00000,147.00000,7.00000,3,0.10000,5,34.18000
0.86000,588.00000,294.00000,147.00000,7.00000,4,0.25000,1,30.12000
0.79000,637.00000,343.00000,147.00000,7.00000,5,0.10000,5,41.26000
0.66000,759.50000,318.50000,220.50000,3.50000,3,0.10000,4,14.67000
0.66000,759.50000,318.50000,220.50000,3.50000,2,0.25000,2,15.89000
0.76000,661.50000,416.50000,122.50000,7.00000,5,0.10000,5,33.88000
0.71000,710.50000,269.50000,220.50000,3.50000,4,0.25000,4,15.20000
0.98000,514.50000,294.00000,110.25000,7.00000,3,0.25000,5,29.77000
0.86000,588.00000,294.00000,147.00000,7.00000,5,0.25000,4,28.31000
0.90000,563.50000,318.50000,122.50000,7.00000,5,0.25000,1,37.58000
0.86000,588.00000,294.00000,147.00000,7.00000,3,0.40000,2,30.53000
0.86000,588.00000,294.00000,147.00000,7.00000,4,0.40000,3,30.11000
0.79000,637.00000,343.00000,147.00000,7.00000,4,0.25000,4,44.16000
0.64000,784.00000,343.00000,220.50000,3.50000,5,0.00000,0,16.67000
0.74000,686.00000,245.00000,220.50000,3.50000,3,0.10000,1,13.71000
0.62000,808.50000,367.50000,220.50000,3.50000,3,0.40000,4,16.79000
0.69000,735.00000,294.00000,220.50000,3.50000,5,0.10000,1,14.45000
0.98000,514.50000,294.00000,110.25000,7.00000,4,0.25000,1,29.28000
0.90000,563.50000,318.50000,122.50000,7.00000,3,0.10000,1,29.87000
0.71000,710.50000,269.50000,220.50000,3.50000,5,0.40000,3,16.10000
0.66000,759.50000,318.50000,220.50000,3.50000,5,0.10000,1,13.65000
0.86000,588.00000,294.00000,147.00000,7.00000,4,0.40000,4,36.21000
0.79000,637.00000,343.00000,147.00000,7.00000,2,0.25000,5,37.54000
0.62000,808.50000,367.50000,220.50000,3.50000,4,0.40000,2,16.86000
0.71000,710.50000,269.50000,220.50000,3.50000,2,0.40000,5,15.59000
0.90000,563.50000,318.50000,122.50000,7.00000,5,0.10000,2,34.20000
0.82000,612.50000,318.50000,147.00000,7.00000,5,0.40000,3,29.64000
0.76000,661.50000,416.50000,122.50000,7.00000,2,0.25000,4,37.20000
0.66000,759.50000,318.50000,220.50000,3.50000,5,0.40000,4,18.24000
0.79000,637.00000,343.00000,147.00000,7.00000,4,0.00000,0,30.93000
0.66000,759.50000,318.50000,220.50000,3.50000,3,0.10000,3,13.70000
0.66000,759.50000,318.50000,220.50000,3.50000,3,0.10000,5,14.81000
0.69000,735.00000,294.00000,220.50000,3.50000,3,0.00000,0,12.05000
0.90000,563.50000,318.50000,122.50000,7.00000,2,0.00000,0,28.28000
0.79000,637.00000,343.00000,147.00000,7.00000,4,0.25000,5,45.28000
0.71000,710.50000,269.50000,220.50000,3.50000,2,0.10000,5,14.18000
0.69000,735.00000,294.00000,220.50000,3.50000,4,0.10000,5,14.46000
0.62000,808.50000,367.50000,220.50000,3.50000,4,0.40000,5,16.61000
0.86000,588.00000,294.00000,147.00000,7.00000,3,0.40000,4,36.20000
0.74000,686.00000,245.00000,220.50000,3.50000,5,0.25000,3,14.76000
0.74000,686.00000,245.00000,220.50000,3.50000,2,0.10000,1,13.43000
0.71000,710.50000,269.50000,220.50000,3.50000,2,0.10000,2,13.67000
0.74000,686.00000,245.00000,220.50000,3.50000,4,0.00000,0,10.94000
0.62000,808.50000,367.50000,220.50000,3.50000,5,0.00000,0,12.04000
0.71000,710.50000,269.50000,220.50000,3.50000,2,0.25000,4,14.67000
0.86000,588.00000,294.00000,147.00000,7.00000,3,0.10000,2,25.63000
0.76000,661.50000,416.50000,122.50000,7.00000,3,0.10000,3,34.11000
0.79000,637.00000,343.00000,147.00000,7.00000,3,0.10000,3,41.22000
0.90000,563.50000,318.50000,122.50000,7.00000,2,0.25000,4,32.12000
0.90000,563.50000,318.50000,122.50000,7.00000,3,0.10000,3,32.85000
0.62000,808.50000,367.50000,220.50000,3.50000,2,0.25000,2,15.32000
0.98000,514.50000,294.00000,110.25000,7.00000,2,0.10000,2,25.95000
0.76000,661.50000,416.50000,122.50000,7.00000,5,0.10000,4,34.05000
0.62000,808.50000,367.50000,220.50000,3.50000,3,0.40000,2,17.38000
0.86000,588.00000,294.00000,147.00000,7.00000,5,0.25000,1,34.73000
0.64000,784.00000,343.00000,220.50000,3.50000,5,0.10000,3,19.29000
0.82000,612.50000,318.50000,147.00000,7.00000,3,0.25000,1,27.84000
0.64000,784.00000,343.00000,220.50000,3.50000,4,0.40000,5,20.71000
0.62000,808.50000,367.50000,220.50000,3.50000,3,0.00000,0,12.22000
0.66000,759.50000,318.50000,220.50000,3.50000,3,0.25000,2,15.85000
0.69000,735.00000,294.00000,220.50000,3.50000,4,0.40000,5,16.54000
0.98000,514.50000,294.00000,110.25000,7.00000,4,0.10000,2,26.13000
0.86000,588.00000,294.00000,147.00000,7.00000,5,0.40000,5,35.71000
0.79000,637.00000,343.00000,147.00000,7.00000,3,0.25000,5,36.66000
0.98000,514.50000,294.00000,110.25000,7.00000,3,0.40000,2,33.13000
0.98000,514.50000,294.00000,110.25000,7.00000,4,0.40000,1,32.83000
0.76000,661.50000,416.50000,122.50000,7.00000,3,0.40000,3,38.48000
0.82000,612.50000,318.50000,147.00000,7.00000,5,0.00000,0,24.93000
0.90000,563.50000,318.50000,122.50000,7.00000,4,0.40000,4,39.22000
0.64000,784.00000,343.00000,220.50000,3.50000,5,0.25000,4,19.90000
0.86000,588.00000,294.00000,147.00000,7.00000,3,0.40000,1,30.66000
0.86000,588.00000,294.00000,147.00000,7.00000,4,0.10000,1,27.03000
0.64000,784.00000,343.00000,220.50000,3.50000,4,0.00000,0,16.75000
